# x_m T_K
0.000000e+00 3.261364e+02
1.956947e-05 3.262041e+02
3.913894e-05 3.262720e+02
5.870841e-05 3.263402e+02
7.827789e-05 3.264087e+02
9.784736e-05 3.264775e+02
1.174168e-04 3.265465e+02
1.369863e-04 3.266158e+02
1.565558e-04 3.266855e+02
1.761252e-04 3.267554e+02
1.956947e-04 3.268256e+02
2.152642e-04 3.268961e+02
2.348337e-04 3.269669e+02
2.544031e-04 3.270380e+02
2.739726e-04 3.271094e+02
2.935421e-04 3.271810e+02
3.131115e-04 3.272530e+02
3.326810e-04 3.273253e+02
3.522505e-04 3.273979e+02
3.718200e-04 3.274708e+02
3.913894e-04 3.275440e+02
4.109589e-04 3.276176e+02
4.305284e-04 3.276914e+02
4.500978e-04 3.277656e+02
4.696673e-04 3.278400e+02
4.892368e-04 3.279148e+02
5.088063e-04 3.279899e+02
5.283757e-04 3.280654e+02
5.479452e-04 3.281411e+02
5.675147e-04 3.282172e+02
5.870841e-04 3.282937e+02
6.066536e-04 3.283704e+02
6.262231e-04 3.284475e+02
6.457926e-04 3.285249e+02
6.653620e-04 3.286027e+02
6.849315e-04 3.286808e+02
7.045010e-04 3.287593e+02
7.240705e-04 3.288381e+02
7.436399e-04 3.289172e+02
7.632094e-04 3.289967e+02
7.827789e-04 3.290765e+02
8.023483e-04 3.291567e+02
8.219178e-04 3.292373e+02
8.414873e-04 3.293182e+02
8.610568e-04 3.293995e+02
8.806262e-04 3.294811e+02
9.001957e-04 3.295632e+02
9.197652e-04 3.296455e+02
9.393346e-04 3.297283e+02
9.589041e-04 3.298114e+02
9.784736e-04 3.298949e+02
9.980431e-04 3.299788e+02
1.017613e-03 3.300631e+02
1.037182e-03 3.301477e+02
1.056751e-03 3.302328e+02
1.076321e-03 3.303182e+02
1.095890e-03 3.304040e+02
1.115460e-03 3.304903e+02
1.135029e-03 3.305769e+02
1.154599e-03 3.306639e+02
1.174168e-03 3.307513e+02
1.193738e-03 3.308392e+02
1.213307e-03 3.309274e+02
1.232877e-03 3.310161e+02
1.252446e-03 3.311051e+02
1.272016e-03 3.311946e+02
1.291585e-03 3.312845e+02
1.311155e-03 3.313749e+02
1.330724e-03 3.314656e+02
1.350294e-03 3.315568e+02
1.369863e-03 3.316484e+02
1.389432e-03 3.317405e+02
1.409002e-03 3.318330e+02
1.428571e-03 3.319259e+02
1.448141e-03 3.320193e+02
1.467710e-03 3.321132e+02
1.487280e-03 3.322074e+02
1.506849e-03 3.323022e+02
1.526419e-03 3.323974e+02
1.545988e-03 3.324931e+02
1.565558e-03 3.325892e+02
1.585127e-03 3.326858e+02
1.604697e-03 3.327829e+02
1.624266e-03 3.328804e+02
1.643836e-03 3.329785e+02
1.663405e-03 3.330770e+02
1.682975e-03 3.331760e+02
1.702544e-03 3.332755e+02
1.722114e-03 3.333754e+02
1.741683e-03 3.334759e+02
1.761252e-03 3.335769e+02
1.780822e-03 3.336784e+02
1.800391e-03 3.337804e+02
1.819961e-03 3.338829e+02
1.839530e-03 3.339859e+02
1.859100e-03 3.340895e+02
1.878669e-03 3.341935e+02
1.898239e-03 3.342981e+02
1.917808e-03 3.344033e+02
1.937378e-03 3.345089e+02
1.956947e-03 3.346152e+02
1.976517e-03 3.347219e+02
1.996086e-03 3.348292e+02
2.015656e-03 3.349371e+02
2.035225e-03 3.350455e+02
2.054795e-03 3.351545e+02
2.074364e-03 3.352640e+02
2.093933e-03 3.353741e+02
2.113503e-03 3.354848e+02
2.133072e-03 3.355961e+02
2.152642e-03 3.357079e+02
2.172211e-03 3.358204e+02
2.191781e-03 3.359334e+02
2.211350e-03 3.360471e+02
2.230920e-03 3.361613e+02
2.250489e-03 3.362761e+02
2.270059e-03 3.363916e+02
2.289628e-03 3.365077e+02
2.309198e-03 3.366244e+02
2.328767e-03 3.367417e+02
2.348337e-03 3.368597e+02
2.367906e-03 3.369783e+02
2.387476e-03 3.370975e+02
2.407045e-03 3.372174e+02
2.426614e-03 3.373379e+02
2.446184e-03 3.374591e+02
2.465753e-03 3.375810e+02
2.485323e-03 3.377035e+02
2.504892e-03 3.378268e+02
2.524462e-03 3.379506e+02
2.544031e-03 3.380752e+02
2.563601e-03 3.382005e+02
2.583170e-03 3.383265e+02
2.602740e-03 3.384531e+02
2.622309e-03 3.385805e+02
2.641879e-03 3.387086e+02
2.661448e-03 3.388375e+02
2.681018e-03 3.389670e+02
2.700587e-03 3.390973e+02
2.720157e-03 3.392283e+02
2.739726e-03 3.393601e+02
2.759295e-03 3.394926e+02
2.778865e-03 3.396259e+02
2.798434e-03 3.397600e+02
2.818004e-03 3.398948e+02
2.837573e-03 3.400304e+02
2.857143e-03 3.401668e+02
2.876712e-03 3.403040e+02
2.896282e-03 3.404419e+02
2.915851e-03 3.405807e+02
2.935421e-03 3.407203e+02
2.954990e-03 3.408608e+02
2.974560e-03 3.410020e+02
2.994129e-03 3.411441e+02
3.013699e-03 3.412871e+02
3.033268e-03 3.414309e+02
3.052838e-03 3.415755e+02
3.072407e-03 3.417210e+02
3.091977e-03 3.418674e+02
3.111546e-03 3.420147e+02
3.131115e-03 3.421628e+02
3.150685e-03 3.423119e+02
3.170254e-03 3.424619e+02
3.189824e-03 3.426128e+02
3.209393e-03 3.427646e+02
3.228963e-03 3.429173e+02
3.248532e-03 3.430710e+02
3.268102e-03 3.432256e+02
3.287671e-03 3.433812e+02
3.307241e-03 3.435377e+02
3.326810e-03 3.436953e+02
3.346380e-03 3.438538e+02
3.365949e-03 3.440133e+02
3.385519e-03 3.441738e+02
3.405088e-03 3.443353e+02
3.424658e-03 3.444979e+02
3.444227e-03 3.446614e+02
3.463796e-03 3.448261e+02
3.483366e-03 3.449917e+02
3.502935e-03 3.451585e+02
3.522505e-03 3.453263e+02
3.542074e-03 3.454952e+02
3.561644e-03 3.456652e+02
3.581213e-03 3.458363e+02
3.600783e-03 3.460085e+02
3.620352e-03 3.461818e+02
3.639922e-03 3.463563e+02
3.659491e-03 3.465319e+02
3.679061e-03 3.467087e+02
3.698630e-03 3.468866e+02
3.718200e-03 3.470658e+02
3.737769e-03 3.472461e+02
3.757339e-03 3.474276e+02
3.776908e-03 3.476104e+02
3.796477e-03 3.477944e+02
3.816047e-03 3.479796e+02
3.835616e-03 3.481661e+02
3.855186e-03 3.483538e+02
3.874755e-03 3.485429e+02
3.894325e-03 3.487332e+02
3.913894e-03 3.489249e+02
3.933464e-03 3.491178e+02
3.953033e-03 3.493121e+02
3.972603e-03 3.495078e+02
3.992172e-03 3.497048e+02
4.011742e-03 3.499032e+02
4.031311e-03 3.501030e+02
4.050881e-03 3.503042e+02
4.070450e-03 3.505068e+02
4.090020e-03 3.507108e+02
4.109589e-03 3.509163e+02
4.129159e-03 3.511233e+02
4.148728e-03 3.513318e+02
4.168297e-03 3.515418e+02
4.187867e-03 3.517532e+02
4.207436e-03 3.519662e+02
4.227006e-03 3.521808e+02
4.246575e-03 3.523969e+02
4.266145e-03 3.526147e+02
4.285714e-03 3.528340e+02
4.305284e-03 3.530549e+02
4.324853e-03 3.532775e+02
4.344423e-03 3.535017e+02
4.363992e-03 3.537276e+02
4.383562e-03 3.539552e+02
4.403131e-03 3.541845e+02
4.422701e-03 3.544156e+02
4.442270e-03 3.546484e+02
4.461840e-03 3.548829e+02
4.481409e-03 3.551193e+02
4.500978e-03 3.553575e+02
4.520548e-03 3.555975e+02
4.540117e-03 3.558393e+02
4.559687e-03 3.560831e+02
4.579256e-03 3.563287e+02
4.598826e-03 3.565763e+02
4.618395e-03 3.568258e+02
4.637965e-03 3.570772e+02
4.657534e-03 3.573307e+02
4.677104e-03 3.575861e+02
4.696673e-03 3.578436e+02
4.716243e-03 3.581032e+02
4.735812e-03 3.583648e+02
4.755382e-03 3.586286e+02
4.774951e-03 3.588945e+02
4.794521e-03 3.591626e+02
4.814090e-03 3.594328e+02
4.833659e-03 3.597053e+02
4.853229e-03 3.599800e+02
4.872798e-03 3.602570e+02
4.892368e-03 3.605363e+02
4.911937e-03 3.608179e+02
4.931507e-03 3.611019e+02
4.951076e-03 3.613882e+02
4.970646e-03 3.616770e+02
4.990215e-03 3.619682e+02
5.009785e-03 3.622619e+02
5.029354e-03 3.625582e+02
5.048924e-03 3.628569e+02
5.068493e-03 3.631583e+02
5.088063e-03 3.634622e+02
5.107632e-03 3.637688e+02
5.127202e-03 3.640781e+02
5.146771e-03 3.643901e+02
5.166341e-03 3.647048e+02
5.185910e-03 3.650224e+02
5.205479e-03 3.653427e+02
5.225049e-03 3.656659e+02
5.244618e-03 3.659921e+02
5.264188e-03 3.663211e+02
5.283757e-03 3.666532e+02
5.303327e-03 3.669882e+02
5.322896e-03 3.673264e+02
5.342466e-03 3.676676e+02
5.362035e-03 3.680120e+02
5.381605e-03 3.683595e+02
5.401174e-03 3.687103e+02
5.420744e-03 3.690644e+02
5.440313e-03 3.694219e+02
5.459883e-03 3.697826e+02
5.479452e-03 3.701469e+02
5.499022e-03 3.705145e+02
5.518591e-03 3.708857e+02
5.538160e-03 3.712605e+02
5.557730e-03 3.716389e+02
5.577299e-03 3.720210e+02
5.596869e-03 3.724068e+02
5.616438e-03 3.727964e+02
5.636008e-03 3.731898e+02
5.655577e-03 3.735872e+02
5.675147e-03 3.739885e+02
5.694716e-03 3.743938e+02
5.714286e-03 3.748032e+02
5.733855e-03 3.752167e+02
5.753425e-03 3.756344e+02
5.772994e-03 3.760564e+02
5.792564e-03 3.764827e+02
5.812133e-03 3.769135e+02
5.831703e-03 3.773487e+02
5.851272e-03 3.777884e+02
5.870841e-03 3.782327e+02
5.890411e-03 3.786818e+02
5.909980e-03 3.791355e+02
5.929550e-03 3.795941e+02
5.949119e-03 3.800577e+02
5.968689e-03 3.805262e+02
5.988258e-03 3.809997e+02
6.007828e-03 3.814785e+02
6.027397e-03 3.819624e+02
6.046967e-03 3.824517e+02
6.066536e-03 3.829464e+02
6.086106e-03 3.834466e+02
6.105675e-03 3.839524e+02
6.125245e-03 3.844639e+02
6.144814e-03 3.849812e+02
6.164384e-03 3.855044e+02
6.183953e-03 3.860335e+02
6.203523e-03 3.865687e+02
6.223092e-03 3.871102e+02
6.242661e-03 3.876579e+02
6.262231e-03 3.882120e+02
6.281800e-03 3.887727e+02
6.301370e-03 3.893400e+02
6.320939e-03 3.899141e+02
6.340509e-03 3.904950e+02
6.360078e-03 3.910830e+02
6.379648e-03 3.916781e+02
6.399217e-03 3.922805e+02
6.418787e-03 3.928902e+02
6.438356e-03 3.935075e+02
6.457926e-03 3.941325e+02
6.477495e-03 3.947653e+02
6.497065e-03 3.954060e+02
6.516634e-03 3.960549e+02
6.536204e-03 3.967121e+02
6.555773e-03 3.973777e+02
6.575342e-03 3.980519e+02
6.594912e-03 3.987348e+02
6.614481e-03 3.994267e+02
6.634051e-03 4.001277e+02
6.653620e-03 4.008380e+02
6.673190e-03 4.015578e+02
6.692759e-03 4.022873e+02
6.712329e-03 4.030266e+02
6.731898e-03 4.037760e+02
6.751468e-03 4.045357e+02
6.771037e-03 4.053059e+02
6.790607e-03 4.060868e+02
6.810176e-03 4.068786e+02
6.829746e-03 4.076816e+02
6.849315e-03 4.084959e+02
6.868885e-03 4.093220e+02
6.888454e-03 4.101599e+02
6.908023e-03 4.110100e+02
6.927593e-03 4.118725e+02
6.947162e-03 4.127478e+02
6.966732e-03 4.136360e+02
6.986301e-03 4.145375e+02
7.005871e-03 4.154525e+02
7.025440e-03 4.163815e+02
7.045010e-03 4.173246e+02
7.064579e-03 4.182823e+02
7.084149e-03 4.192548e+02
7.103718e-03 4.202426e+02
7.123288e-03 4.212459e+02
7.142857e-03 4.222652e+02
7.162427e-03 4.233008e+02
7.181996e-03 4.243531e+02
7.201566e-03 4.254226e+02
7.221135e-03 4.265097e+02
7.240705e-03 4.276147e+02
7.260274e-03 4.287382e+02
7.279843e-03 4.298806e+02
7.299413e-03 4.310423e+02
7.318982e-03 4.322240e+02
7.338552e-03 4.334261e+02
7.358121e-03 4.346491e+02
7.377691e-03 4.358936e+02
7.397260e-03 4.371602e+02
7.416830e-03 4.384494e+02
7.436399e-03 4.397619e+02
7.455969e-03 4.410982e+02
7.475538e-03 4.424592e+02
7.495108e-03 4.438454e+02
7.514677e-03 4.452575e+02
7.534247e-03 4.466964e+02
7.553816e-03 4.481626e+02
7.573386e-03 4.496572e+02
7.592955e-03 4.511808e+02
7.612524e-03 4.527343e+02
7.632094e-03 4.543187e+02
7.651663e-03 4.559348e+02
7.671233e-03 4.575836e+02
7.690802e-03 4.592661e+02
7.710372e-03 4.609833e+02
7.729941e-03 4.627364e+02
7.749511e-03 4.645265e+02
7.769080e-03 4.663548e+02
7.788650e-03 4.682224e+02
7.808219e-03 4.701307e+02
7.827789e-03 4.720810e+02
7.847358e-03 4.740748e+02
7.866928e-03 4.761135e+02
7.886497e-03 4.781985e+02
7.906067e-03 4.803317e+02
7.925636e-03 4.825145e+02
7.945205e-03 4.847488e+02
7.964775e-03 4.870364e+02
7.984344e-03 4.893792e+02
8.003914e-03 4.917793e+02
8.023483e-03 4.942388e+02
8.043053e-03 4.967599e+02
8.062622e-03 4.993450e+02
8.082192e-03 5.019966e+02
8.101761e-03 5.047171e+02
8.121331e-03 5.075094e+02
8.140900e-03 5.103764e+02
8.160470e-03 5.133210e+02
8.180039e-03 5.163465e+02
8.199609e-03 5.194563e+02
8.219178e-03 5.226538e+02
8.238748e-03 5.259430e+02
8.258317e-03 5.293277e+02
8.277886e-03 5.328123e+02
8.297456e-03 5.364011e+02
8.317025e-03 5.400990e+02
8.336595e-03 5.439109e+02
8.356164e-03 5.478423e+02
8.375734e-03 5.518989e+02
8.395303e-03 5.560867e+02
8.414873e-03 5.604122e+02
8.434442e-03 5.648823e+02
8.454012e-03 5.695044e+02
8.473581e-03 5.742863e+02
8.493151e-03 5.792366e+02
8.512720e-03 5.843642e+02
8.532290e-03 5.896788e+02
8.551859e-03 5.951909e+02
8.571429e-03 6.009117e+02
8.590998e-03 6.068533e+02
8.610568e-03 6.130287e+02
8.630137e-03 6.194519e+02
8.649706e-03 6.261383e+02
8.669276e-03 6.331043e+02
8.688845e-03 6.403677e+02
8.708415e-03 6.479482e+02
8.727984e-03 6.558669e+02
8.747554e-03 6.641469e+02
8.767123e-03 6.728136e+02
8.786693e-03 6.818947e+02
8.806262e-03 6.914206e+02
8.825832e-03 7.014249e+02
8.845401e-03 7.119445e+02
8.864971e-03 7.230202e+02
8.884540e-03 7.346974e+02
8.904110e-03 7.470263e+02
8.923679e-03 7.600632e+02
8.943249e-03 7.738709e+02
8.962818e-03 7.885196e+02
8.982387e-03 8.040887e+02
9.001957e-03 8.206678e+02
9.021526e-03 8.383583e+02
9.041096e-03 8.572758e+02
9.060665e-03 8.775527e+02
9.080235e-03 8.993409e+02
9.099804e-03 9.228157e+02
9.119374e-03 9.481809e+02
9.138943e-03 9.756743e+02
9.158513e-03 1.005575e+03
9.178082e-03 1.038215e+03
9.197652e-03 1.073987e+03
9.217221e-03 1.113365e+03
9.236791e-03 1.156922e+03
9.256360e-03 1.205362e+03
9.275930e-03 1.259553e+03
9.295499e-03 1.320584e+03
9.315068e-03 1.389834e+03
9.334638e-03 1.469084e+03
9.354207e-03 1.560666e+03
9.373777e-03 1.667695e+03
9.393346e-03 1.760911e+03
9.412916e-03 1.946869e+03
9.432485e-03 2.133674e+03
9.452055e-03 2.367912e+03
9.471624e-03 2.670188e+03
9.491194e-03 3.074981e+03
9.510763e-03 3.600000e+03
9.530333e-03 3.600000e+03
9.549902e-03 3.600000e+03
9.569472e-03 3.600000e+03
9.589041e-03 3.600000e+03
9.608611e-03 2.820474e+03
9.628180e-03 3.175934e+02
9.647750e-03 2.932683e+02
9.667319e-03 2.930033e+02
9.686888e-03 2.930000e+02
9.706458e-03 2.930000e+02
9.726027e-03 2.930000e+02
9.745597e-03 2.930000e+02
9.765166e-03 2.930000e+02
9.784736e-03 2.930000e+02
9.804305e-03 2.930000e+02
9.823875e-03 2.930000e+02
9.843444e-03 2.930000e+02
9.863014e-03 2.930000e+02
9.882583e-03 2.930000e+02
9.902153e-03 2.930000e+02
9.921722e-03 2.930000e+02
9.941292e-03 2.930000e+02
9.960861e-03 2.930000e+02
9.980431e-03 2.930000e+02
1.000000e-02 2.930000e+02
