# x(m) T(K)
 0.000000e+00  3.094395e+02
 1.953125e-05  3.094430e+02
 3.906250e-05  3.094500e+02
 5.859375e-05  3.094605e+02
 7.812500e-05  3.094743e+02
 9.765625e-05  3.094914e+02
 1.171875e-04  3.095116e+02
 1.367188e-04  3.095349e+02
 1.562500e-04  3.095608e+02
 1.757813e-04  3.095894e+02
 1.953125e-04  3.096205e+02
 2.148437e-04  3.096539e+02
 2.343750e-04  3.096892e+02
 2.539062e-04  3.097263e+02
 2.734375e-04  3.097650e+02
 2.929688e-04  3.098051e+02
 3.125000e-04  3.098464e+02
 3.320313e-04  3.098888e+02
 3.515625e-04  3.099319e+02
 3.710937e-04  3.099756e+02
 3.906250e-04  3.100198e+02
 4.101562e-04  3.100645e+02
 4.296875e-04  3.101093e+02
 4.492188e-04  3.101543e+02
 4.687500e-04  3.101992e+02
 4.882812e-04  3.102441e+02
 5.078125e-04  3.102888e+02
 5.273438e-04  3.103333e+02
 5.468750e-04  3.103776e+02
 5.664062e-04  3.104216e+02
 5.859375e-04  3.104653e+02
 6.054688e-04  3.105087e+02
 6.250000e-04  3.105518e+02
 6.445313e-04  3.105947e+02
 6.640625e-04  3.106373e+02
 6.835937e-04  3.106796e+02
 7.031250e-04  3.107216e+02
 7.226563e-04  3.107636e+02
 7.421875e-04  3.108053e+02
 7.617187e-04  3.108468e+02
 7.812500e-04  3.108882e+02
 8.007812e-04  3.109295e+02
 8.203125e-04  3.109708e+02
 8.398438e-04  3.110119e+02
 8.593750e-04  3.110530e+02
 8.789062e-04  3.110943e+02
 8.984375e-04  3.111354e+02
 9.179687e-04  3.111767e+02
 9.375000e-04  3.112180e+02
 9.570313e-04  3.112593e+02
 9.765625e-04  3.113008e+02
 9.960937e-04  3.113425e+02
 1.015625e-03  3.113842e+02
 1.035156e-03  3.114260e+02
 1.054688e-03  3.114680e+02
 1.074219e-03  3.115102e+02
 1.093750e-03  3.115524e+02
 1.113281e-03  3.115949e+02
 1.132812e-03  3.116376e+02
 1.152344e-03  3.116804e+02
 1.171875e-03  3.117233e+02
 1.191406e-03  3.117665e+02
 1.210938e-03  3.118098e+02
 1.230469e-03  3.118534e+02
 1.250000e-03  3.118971e+02
 1.269531e-03  3.119410e+02
 1.289063e-03  3.119852e+02
 1.308594e-03  3.120297e+02
 1.328125e-03  3.120742e+02
 1.347656e-03  3.121189e+02
 1.367187e-03  3.121639e+02
 1.386719e-03  3.122091e+02
 1.406250e-03  3.122545e+02
 1.425781e-03  3.123002e+02
 1.445313e-03  3.123460e+02
 1.464844e-03  3.123920e+02
 1.484375e-03  3.124384e+02
 1.503906e-03  3.124848e+02
 1.523437e-03  3.125315e+02
 1.542969e-03  3.125785e+02
 1.562500e-03  3.126256e+02
 1.582031e-03  3.126730e+02
 1.601562e-03  3.127207e+02
 1.621094e-03  3.127686e+02
 1.640625e-03  3.128166e+02
 1.660156e-03  3.128649e+02
 1.679688e-03  3.129135e+02
 1.699219e-03  3.129623e+02
 1.718750e-03  3.130114e+02
 1.738281e-03  3.130606e+02
 1.757812e-03  3.131101e+02
 1.777344e-03  3.131599e+02
 1.796875e-03  3.132099e+02
 1.816406e-03  3.132602e+02
 1.835937e-03  3.133107e+02
 1.855469e-03  3.133615e+02
 1.875000e-03  3.134125e+02
 1.894531e-03  3.134638e+02
 1.914063e-03  3.135154e+02
 1.933594e-03  3.135672e+02
 1.953125e-03  3.136192e+02
 1.972656e-03  3.136716e+02
 1.992187e-03  3.137241e+02
 2.011719e-03  3.137770e+02
 2.031250e-03  3.138301e+02
 2.050781e-03  3.138834e+02
 2.070312e-03  3.139370e+02
 2.089844e-03  3.139911e+02
 2.109375e-03  3.140453e+02
 2.128906e-03  3.140998e+02
 2.148438e-03  3.141546e+02
 2.167969e-03  3.142097e+02
 2.187500e-03  3.142650e+02
 2.207031e-03  3.143207e+02
 2.226562e-03  3.143766e+02
 2.246094e-03  3.144329e+02
 2.265625e-03  3.144894e+02
 2.285156e-03  3.145462e+02
 2.304687e-03  3.146034e+02
 2.324219e-03  3.146608e+02
 2.343750e-03  3.147186e+02
 2.363281e-03  3.147766e+02
 2.382813e-03  3.148350e+02
 2.402344e-03  3.148938e+02
 2.421875e-03  3.149527e+02
 2.441406e-03  3.150121e+02
 2.460937e-03  3.150717e+02
 2.480469e-03  3.151317e+02
 2.500000e-03  3.151919e+02
 2.519531e-03  3.152525e+02
 2.539062e-03  3.153134e+02
 2.558594e-03  3.153748e+02
 2.578125e-03  3.154363e+02
 2.597656e-03  3.154983e+02
 2.617188e-03  3.155606e+02
 2.636719e-03  3.156233e+02
 2.656250e-03  3.156863e+02
 2.675781e-03  3.157496e+02
 2.695312e-03  3.158133e+02
 2.714844e-03  3.158773e+02
 2.734375e-03  3.159418e+02
 2.753906e-03  3.160066e+02
 2.773437e-03  3.160718e+02
 2.792969e-03  3.161373e+02
 2.812500e-03  3.162032e+02
 2.832031e-03  3.162696e+02
 2.851563e-03  3.163362e+02
 2.871094e-03  3.164033e+02
 2.890625e-03  3.164706e+02
 2.910156e-03  3.165385e+02
 2.929688e-03  3.166066e+02
 2.949219e-03  3.166753e+02
 2.968750e-03  3.167444e+02
 2.988281e-03  3.168138e+02
 3.007812e-03  3.168836e+02
 3.027344e-03  3.169538e+02
 3.046875e-03  3.170244e+02
 3.066406e-03  3.170955e+02
 3.085938e-03  3.171670e+02
 3.105469e-03  3.172389e+02
 3.125000e-03  3.173112e+02
 3.144531e-03  3.173840e+02
 3.164063e-03  3.174571e+02
 3.183594e-03  3.175308e+02
 3.203125e-03  3.176048e+02
 3.222656e-03  3.176794e+02
 3.242187e-03  3.177544e+02
 3.261719e-03  3.178299e+02
 3.281250e-03  3.179058e+02
 3.300781e-03  3.179821e+02
 3.320313e-03  3.180590e+02
 3.339844e-03  3.181363e+02
 3.359375e-03  3.182141e+02
 3.378906e-03  3.182924e+02
 3.398438e-03  3.183712e+02
 3.417969e-03  3.184503e+02
 3.437500e-03  3.185301e+02
 3.457031e-03  3.186104e+02
 3.476562e-03  3.186911e+02
 3.496094e-03  3.187724e+02
 3.515625e-03  3.188542e+02
 3.535156e-03  3.189365e+02
 3.554688e-03  3.190193e+02
 3.574219e-03  3.191028e+02
 3.593750e-03  3.191867e+02
 3.613281e-03  3.192711e+02
 3.632813e-03  3.193560e+02
 3.652344e-03  3.194416e+02
 3.671875e-03  3.195277e+02
 3.691406e-03  3.196144e+02
 3.710937e-03  3.197016e+02
 3.730469e-03  3.197894e+02
 3.750000e-03  3.198778e+02
 3.769531e-03  3.199668e+02
 3.789063e-03  3.200563e+02
 3.808594e-03  3.201466e+02
 3.828125e-03  3.202373e+02
 3.847656e-03  3.203287e+02
 3.867188e-03  3.204207e+02
 3.886719e-03  3.205133e+02
 3.906250e-03  3.206066e+02
 3.925781e-03  3.207004e+02
 3.945312e-03  3.207949e+02
 3.964844e-03  3.208901e+02
 3.984375e-03  3.209858e+02
 4.003906e-03  3.210823e+02
 4.023437e-03  3.211794e+02
 4.042969e-03  3.212772e+02
 4.062500e-03  3.213757e+02
 4.082031e-03  3.214749e+02
 4.101562e-03  3.215748e+02
 4.121094e-03  3.216754e+02
 4.140625e-03  3.217767e+02
 4.160156e-03  3.218787e+02
 4.179688e-03  3.219814e+02
 4.199219e-03  3.220849e+02
 4.218750e-03  3.221891e+02
 4.238281e-03  3.222941e+02
 4.257813e-03  3.223998e+02
 4.277344e-03  3.225062e+02
 4.296875e-03  3.226135e+02
 4.316406e-03  3.227216e+02
 4.335938e-03  3.228304e+02
 4.355469e-03  3.229400e+02
 4.375000e-03  3.230504e+02
 4.394531e-03  3.231617e+02
 4.414062e-03  3.232738e+02
 4.433594e-03  3.233868e+02
 4.453125e-03  3.235005e+02
 4.472656e-03  3.236151e+02
 4.492187e-03  3.237306e+02
 4.511719e-03  3.238469e+02
 4.531250e-03  3.239641e+02
 4.550781e-03  3.240823e+02
 4.570312e-03  3.242013e+02
 4.589844e-03  3.243213e+02
 4.609375e-03  3.244423e+02
 4.628906e-03  3.245641e+02
 4.648438e-03  3.246868e+02
 4.667969e-03  3.248105e+02
 4.687500e-03  3.249352e+02
 4.707031e-03  3.250609e+02
 4.726563e-03  3.251876e+02
 4.746094e-03  3.253153e+02
 4.765625e-03  3.254439e+02
 4.785156e-03  3.255737e+02
 4.804688e-03  3.257044e+02
 4.824219e-03  3.258363e+02
 4.843750e-03  3.259692e+02
 4.863281e-03  3.261031e+02
 4.882812e-03  3.262382e+02
 4.902344e-03  3.263744e+02
 4.921875e-03  3.265116e+02
 4.941406e-03  3.266501e+02
 4.960937e-03  3.267896e+02
 4.980469e-03  3.269304e+02
 5.000000e-03  3.270722e+02
 5.019531e-03  3.272154e+02
 5.039062e-03  3.273596e+02
 5.058594e-03  3.275052e+02
 5.078125e-03  3.276519e+02
 5.097656e-03  3.278000e+02
 5.117187e-03  3.279492e+02
 5.136719e-03  3.280999e+02
 5.156250e-03  3.282518e+02
 5.175781e-03  3.284049e+02
 5.195313e-03  3.285594e+02
 5.214844e-03  3.287153e+02
 5.234375e-03  3.288726e+02
 5.253906e-03  3.290313e+02
 5.273438e-03  3.291913e+02
 5.292969e-03  3.293528e+02
 5.312500e-03  3.295157e+02
 5.332031e-03  3.296802e+02
 5.351563e-03  3.298461e+02
 5.371094e-03  3.300134e+02
 5.390625e-03  3.301825e+02
 5.410156e-03  3.303529e+02
 5.429687e-03  3.305250e+02
 5.449219e-03  3.306986e+02
 5.468750e-03  3.308739e+02
 5.488281e-03  3.310508e+02
 5.507812e-03  3.312293e+02
 5.527344e-03  3.314096e+02
 5.546875e-03  3.315915e+02
 5.566406e-03  3.317752e+02
 5.585937e-03  3.319606e+02
 5.605469e-03  3.321478e+02
 5.625000e-03  3.323369e+02
 5.644531e-03  3.325278e+02
 5.664063e-03  3.327205e+02
 5.683594e-03  3.329151e+02
 5.703125e-03  3.331115e+02
 5.722656e-03  3.333100e+02
 5.742188e-03  3.335105e+02
 5.761719e-03  3.337129e+02
 5.781250e-03  3.339174e+02
 5.800781e-03  3.341239e+02
 5.820313e-03  3.343327e+02
 5.839844e-03  3.345434e+02
 5.859375e-03  3.347563e+02
 5.878906e-03  3.349714e+02
 5.898437e-03  3.351888e+02
 5.917969e-03  3.354084e+02
 5.937500e-03  3.356303e+02
 5.957031e-03  3.358546e+02
 5.976562e-03  3.360812e+02
 5.996094e-03  3.363102e+02
 6.015625e-03  3.365418e+02
 6.035156e-03  3.367757e+02
 6.054687e-03  3.370122e+02
 6.074219e-03  3.372512e+02
 6.093750e-03  3.374930e+02
 6.113281e-03  3.377373e+02
 6.132813e-03  3.379843e+02
 6.152344e-03  3.382341e+02
 6.171875e-03  3.384868e+02
 6.191406e-03  3.387421e+02
 6.210938e-03  3.390004e+02
 6.230469e-03  3.392617e+02
 6.250000e-03  3.395259e+02
 6.269531e-03  3.397931e+02
 6.289063e-03  3.400634e+02
 6.308594e-03  3.403369e+02
 6.328125e-03  3.406136e+02
 6.347656e-03  3.408935e+02
 6.367187e-03  3.411767e+02
 6.386719e-03  3.414633e+02
 6.406250e-03  3.417534e+02
 6.425781e-03  3.420469e+02
 6.445312e-03  3.423440e+02
 6.464844e-03  3.426447e+02
 6.484375e-03  3.429491e+02
 6.503906e-03  3.432573e+02
 6.523437e-03  3.435691e+02
 6.542969e-03  3.438850e+02
 6.562500e-03  3.442049e+02
 6.582031e-03  3.445288e+02
 6.601563e-03  3.448568e+02
 6.621094e-03  3.451889e+02
 6.640625e-03  3.455256e+02
 6.660156e-03  3.458663e+02
 6.679688e-03  3.462117e+02
 6.699219e-03  3.465615e+02
 6.718750e-03  3.469160e+02
 6.738281e-03  3.472752e+02
 6.757813e-03  3.476393e+02
 6.777344e-03  3.480082e+02
 6.796875e-03  3.483822e+02
 6.816406e-03  3.487614e+02
 6.835938e-03  3.491456e+02
 6.855469e-03  3.495353e+02
 6.875000e-03  3.499304e+02
 6.894531e-03  3.503311e+02
 6.914062e-03  3.507374e+02
 6.933594e-03  3.511495e+02
 6.953125e-03  3.515676e+02
 6.972656e-03  3.519918e+02
 6.992187e-03  3.524221e+02
 7.011719e-03  3.528588e+02
 7.031250e-03  3.533019e+02
 7.050781e-03  3.537516e+02
 7.070312e-03  3.542081e+02
 7.089844e-03  3.546714e+02
 7.109375e-03  3.551420e+02
 7.128906e-03  3.556197e+02
 7.148438e-03  3.561048e+02
 7.167969e-03  3.565975e+02
 7.187500e-03  3.570979e+02
 7.207031e-03  3.576063e+02
 7.226563e-03  3.581228e+02
 7.246094e-03  3.586476e+02
 7.265625e-03  3.591811e+02
 7.285156e-03  3.597232e+02
 7.304688e-03  3.602742e+02
 7.324219e-03  3.608345e+02
 7.343750e-03  3.614041e+02
 7.363281e-03  3.619834e+02
 7.382812e-03  3.625727e+02
 7.402344e-03  3.631720e+02
 7.421875e-03  3.637819e+02
 7.441406e-03  3.644023e+02
 7.460937e-03  3.650338e+02
 7.480469e-03  3.656766e+02
 7.500000e-03  3.663309e+02
 7.519531e-03  3.669971e+02
 7.539062e-03  3.676755e+02
 7.558594e-03  3.683665e+02
 7.578125e-03  3.690704e+02
 7.597656e-03  3.697875e+02
 7.617188e-03  3.705183e+02
 7.636719e-03  3.712633e+02
 7.656250e-03  3.720226e+02
 7.675781e-03  3.727968e+02
 7.695313e-03  3.735864e+02
 7.714844e-03  3.743917e+02
 7.734375e-03  3.752134e+02
 7.753906e-03  3.760518e+02
 7.773438e-03  3.769074e+02
 7.792969e-03  3.777809e+02
 7.812500e-03  3.786727e+02
 7.832032e-03  3.795836e+02
 7.851562e-03  3.805140e+02
 7.871094e-03  3.814647e+02
 7.890625e-03  3.824363e+02
 7.910157e-03  3.834293e+02
 7.929687e-03  3.844448e+02
 7.949219e-03  3.854834e+02
 7.968750e-03  3.865458e+02
 7.988282e-03  3.876329e+02
 8.007812e-03  3.887456e+02
 8.027344e-03  3.898848e+02
 8.046875e-03  3.910514e+02
 8.066406e-03  3.922465e+02
 8.085937e-03  3.934711e+02
 8.105469e-03  3.947264e+02
 8.125000e-03  3.960134e+02
 8.144531e-03  3.973334e+02
 8.164062e-03  3.986877e+02
 8.183594e-03  4.000776e+02
 8.203125e-03  4.015046e+02
 8.222656e-03  4.029702e+02
 8.242187e-03  4.044761e+02
 8.261719e-03  4.060237e+02
 8.281250e-03  4.076150e+02
 8.300781e-03  4.092517e+02
 8.320313e-03  4.109359e+02
 8.339844e-03  4.126697e+02
 8.359375e-03  4.144553e+02
 8.378906e-03  4.162950e+02
 8.398438e-03  4.181914e+02
 8.417969e-03  4.201470e+02
 8.437500e-03  4.221649e+02
 8.457031e-03  4.242480e+02
 8.476563e-03  4.263994e+02
 8.496094e-03  4.286226e+02
 8.515625e-03  4.309214e+02
 8.535156e-03  4.332993e+02
 8.554688e-03  4.357608e+02
 8.574218e-03  4.383105e+02
 8.593750e-03  4.409530e+02
 8.613281e-03  4.436935e+02
 8.632813e-03  4.465376e+02
 8.652343e-03  4.494915e+02
 8.671875e-03  4.525613e+02
 8.691406e-03  4.557543e+02
 8.710938e-03  4.590780e+02
 8.730468e-03  4.625405e+02
 8.750000e-03  4.661508e+02
 8.769531e-03  4.699186e+02
 8.789062e-03  4.738544e+02
 8.808594e-03  4.779698e+02
 8.828125e-03  4.822773e+02
 8.847657e-03  4.867907e+02
 8.867187e-03  4.915252e+02
 8.886719e-03  4.964977e+02
 8.906250e-03  5.017265e+02
 8.925782e-03  5.072320e+02
 8.945312e-03  5.130369e+02
 8.964844e-03  5.191664e+02
 8.984375e-03  5.256488e+02
 9.003907e-03  5.325153e+02
 9.023437e-03  5.398013e+02
 9.042969e-03  5.475468e+02
 9.062500e-03  5.557967e+02
 9.082031e-03  5.646025e+02
 9.101562e-03  5.740225e+02
 9.121094e-03  5.841239e+02
 9.140625e-03  5.949839e+02
 9.160156e-03  6.066923e+02
 9.179687e-03  6.193530e+02
 9.199219e-03  6.330886e+02
 9.218750e-03  6.480434e+02
 9.238281e-03  6.643893e+02
 9.257812e-03  6.823325e+02
 9.277344e-03  7.021226e+02
 9.296875e-03  7.240652e+02
 9.316406e-03  7.485379e+02
 9.335938e-03  7.760153e+02
 9.355469e-03  8.071038e+02
 9.375000e-03  8.425835e+02
 9.394531e-03  8.834850e+02
 9.414063e-03  9.312432e+02
 9.433594e-03  9.878218e+02
 9.453125e-03  1.055971e+03
 9.472656e-03  1.140427e+03
 9.492188e-03  1.249730e+03
 9.511719e-03  1.401851e+03
 9.531250e-03  1.651435e+03
 9.550781e-03  2.106788e+03
 9.570313e-03  2.768426e+03
 9.589843e-03  3.250304e+03
 9.609375e-03  3.016785e+03
 9.628906e-03  2.109807e+03
 9.648438e-03  1.152229e+03
 9.667968e-03  5.813369e+02
 9.687500e-03  3.626050e+02
 9.707031e-03  3.053580e+02
 9.726563e-03  2.946538e+02
 9.746093e-03  2.931685e+02
 9.765625e-03  2.930110e+02
 9.785157e-03  2.929980e+02
 9.804687e-03  2.929972e+02
 9.824219e-03  2.929972e+02
 9.843750e-03  2.929972e+02
 9.863282e-03  2.929973e+02
 9.882812e-03  2.929971e+02
 9.902344e-03  2.929972e+02
 9.921875e-03  2.929972e+02
 9.941407e-03  2.929972e+02
 9.960937e-03  2.929972e+02
 9.980469e-03  2.929972e+02
