# x(m) T(K)
 0.000000e+00  8.853640e+02
 1.953125e-05  8.978370e+02
 3.906250e-05  9.212205e+02
 5.859375e-05  9.529958e+02
 7.812500e-05  9.902685e+02
 9.765625e-05  1.030808e+03
 1.171875e-04  1.073071e+03
 1.367188e-04  1.116809e+03
 1.562500e-04  1.162218e+03
 1.757813e-04  1.210454e+03
 1.953125e-04  1.262429e+03
 2.148437e-04  1.319819e+03
 2.343750e-04  1.383703e+03
 2.539062e-04  1.456245e+03
 2.734375e-04  1.538982e+03
 2.929688e-04  1.635312e+03
 3.125000e-04  1.748276e+03
 3.320313e-04  1.884551e+03
 3.515625e-04  2.052542e+03
 3.710937e-04  2.272656e+03
 3.906250e-04  2.579775e+03
 4.101562e-04  2.996201e+03
 4.296875e-04  3.417221e+03
 4.492188e-04  3.714089e+03
 4.687500e-04  3.867693e+03
 4.882812e-04  3.856494e+03
 5.078125e-04  3.608676e+03
 5.273438e-04  2.176676e+03
 5.468750e-04  8.749683e+02
 5.664062e-04  4.063432e+02
 5.859375e-04  3.070647e+02
 6.054688e-04  2.948813e+02
 6.250000e-04  2.928833e+02
 6.445313e-04  2.934041e+02
 6.640625e-04  2.929399e+02
 6.835937e-04  2.933009e+02
 7.031250e-04  2.930028e+02
 7.226563e-04  2.932414e+02
 7.421875e-04  2.930341e+02
 7.617187e-04  2.932021e+02
 7.812500e-04  2.930510e+02
 8.007812e-04  2.931760e+02
 8.203125e-04  2.930622e+02
 8.398438e-04  2.931591e+02
 8.593750e-04  2.930714e+02
 8.789062e-04  2.931494e+02
 8.984375e-04  2.930807e+02
 9.179687e-04  2.931448e+02
 9.375000e-04  2.930899e+02
 9.570313e-04  2.931435e+02
 9.765625e-04  2.930988e+02
 9.960937e-04  2.931446e+02
 1.015625e-03  2.931081e+02
 1.035156e-03  2.931479e+02
 1.054688e-03  2.931182e+02
 1.074219e-03  2.931539e+02
 1.093750e-03  2.931301e+02
 1.113281e-03  2.931627e+02
 1.132812e-03  2.931439e+02
 1.152344e-03  2.931736e+02
 1.171875e-03  2.931581e+02
 1.191406e-03  2.931843e+02
 1.210938e-03  2.931699e+02
 1.230469e-03  2.931913e+02
 1.250000e-03  2.931758e+02
 1.269531e-03  2.931910e+02
 1.289063e-03  2.931726e+02
 1.308594e-03  2.931812e+02
 1.328125e-03  2.931592e+02
 1.347656e-03  2.931615e+02
 1.367187e-03  2.931371e+02
 1.386719e-03  2.931357e+02
 1.406250e-03  2.931114e+02
 1.425781e-03  2.931093e+02
 1.445313e-03  2.930886e+02
 1.464844e-03  2.930898e+02
 1.484375e-03  2.930757e+02
 1.503906e-03  2.930831e+02
 1.523437e-03  2.930775e+02
 1.542969e-03  2.930921e+02
 1.562500e-03  2.930947e+02
 1.582031e-03  2.931148e+02
 1.601562e-03  2.931228e+02
 1.621094e-03  2.931451e+02
 1.640625e-03  2.931539e+02
 1.660156e-03  2.931736e+02
 1.679688e-03  2.931780e+02
 1.699219e-03  2.931901e+02
 1.718750e-03  2.931862e+02
 1.738281e-03  2.931878e+02
 1.757812e-03  2.931735e+02
 1.777344e-03  2.931641e+02
 1.796875e-03  2.931406e+02
 1.816406e-03  2.931225e+02
 1.835937e-03  2.930932e+02
 1.855469e-03  2.930715e+02
 1.875000e-03  2.930418e+02
 1.894531e-03  2.930219e+02
 1.914063e-03  2.929976e+02
 1.933594e-03  2.929848e+02
 1.953125e-03  2.929699e+02
 1.972656e-03  2.929674e+02
 1.992187e-03  2.929639e+02
 2.011719e-03  2.929719e+02
 2.031250e-03  2.929786e+02
 2.050781e-03  2.929952e+02
 2.070312e-03  2.930090e+02
 2.089844e-03  2.930304e+02
 2.109375e-03  2.930471e+02
 2.128906e-03  2.930690e+02
 2.148438e-03  2.930845e+02
 2.167969e-03  2.931032e+02
 2.187500e-03  2.931149e+02
 2.207031e-03  2.931288e+02
 2.226562e-03  2.931357e+02
 2.246094e-03  2.931448e+02
 2.265625e-03  2.931477e+02
 2.285156e-03  2.931535e+02
 2.304687e-03  2.931543e+02
 2.324219e-03  2.931587e+02
 2.343750e-03  2.931590e+02
 2.363281e-03  2.931636e+02
 2.382813e-03  2.931648e+02
 2.402344e-03  2.931700e+02
 2.421875e-03  2.931719e+02
 2.441406e-03  2.931772e+02
 2.460937e-03  2.931788e+02
 2.480469e-03  2.931829e+02
 2.500000e-03  2.931827e+02
 2.519531e-03  2.931841e+02
 2.539062e-03  2.931808e+02
 2.558594e-03  2.931787e+02
 2.578125e-03  2.931720e+02
 2.597656e-03  2.931665e+02
 2.617188e-03  2.931569e+02
 2.636719e-03  2.931493e+02
 2.656250e-03  2.931383e+02
 2.675781e-03  2.931302e+02
 2.695312e-03  2.931200e+02
 2.714844e-03  2.931132e+02
 2.734375e-03  2.931052e+02
 2.753906e-03  2.931010e+02
 2.773437e-03  2.930963e+02
 2.792969e-03  2.930958e+02
 2.812500e-03  2.930949e+02
 2.832031e-03  2.930981e+02
 2.851563e-03  2.931012e+02
 2.871094e-03  2.931085e+02
 2.890625e-03  2.931158e+02
 2.910156e-03  2.931275e+02
 2.929688e-03  2.931397e+02
 2.949219e-03  2.931564e+02
 2.968750e-03  2.931740e+02
 2.988281e-03  2.931964e+02
 3.007812e-03  2.932200e+02
 3.027344e-03  2.932479e+02
 3.046875e-03  2.932766e+02
 3.066406e-03  2.933089e+02
 3.085938e-03  2.933402e+02
 3.105469e-03  2.933730e+02
 3.125000e-03  2.934026e+02
 3.144531e-03  2.934307e+02
 3.164063e-03  2.934525e+02
 3.183594e-03  2.934699e+02
 3.203125e-03  2.934781e+02
 3.222656e-03  2.934793e+02
 3.242187e-03  2.934697e+02
 3.261719e-03  2.934519e+02
 3.281250e-03  2.934233e+02
 3.300781e-03  2.933878e+02
 3.320313e-03  2.933438e+02
 3.339844e-03  2.932961e+02
 3.359375e-03  2.932441e+02
 3.378906e-03  2.931934e+02
 3.398438e-03  2.931438e+02
 3.417969e-03  2.931007e+02
 3.437500e-03  2.930639e+02
 3.457031e-03  2.930380e+02
 3.476562e-03  2.930219e+02
 3.496094e-03  2.930190e+02
 3.515625e-03  2.930267e+02
 3.535156e-03  2.930468e+02
 3.554688e-03  2.930756e+02
 3.574219e-03  2.931132e+02
 3.593750e-03  2.931551e+02
 3.613281e-03  2.932004e+02
 3.632813e-03  2.932442e+02
 3.652344e-03  2.932856e+02
 3.671875e-03  2.933202e+02
 3.691406e-03  2.933478e+02
 3.710937e-03  2.933651e+02
 3.730469e-03  2.933731e+02
 3.750000e-03  2.933698e+02
 3.769531e-03  2.933577e+02
 3.789063e-03  2.933364e+02
 3.808594e-03  2.933093e+02
 3.828125e-03  2.932768e+02
 3.847656e-03  2.932429e+02
 3.867188e-03  2.932083e+02
 3.886719e-03  2.931768e+02
 3.906250e-03  2.931483e+02
 3.925781e-03  2.931261e+02
 3.945312e-03  2.931094e+02
 3.964844e-03  2.930999e+02
 3.984375e-03  2.930963e+02
 4.003906e-03  2.930995e+02
 4.023437e-03  2.931068e+02
 4.042969e-03  2.931190e+02
 4.062500e-03  2.931331e+02
 4.082031e-03  2.931500e+02
 4.101562e-03  2.931670e+02
 4.121094e-03  2.931852e+02
 4.140625e-03  2.932029e+02
 4.160156e-03  2.932216e+02
 4.179688e-03  2.932402e+02
 4.199219e-03  2.932605e+02
 4.218750e-03  2.932821e+02
 4.238281e-03  2.933065e+02
 4.257813e-03  2.933331e+02
 4.277344e-03  2.933631e+02
 4.296875e-03  2.933953e+02
 4.316406e-03  2.934302e+02
 4.335938e-03  2.934655e+02
 4.355469e-03  2.935008e+02
 4.375000e-03  2.935335e+02
 4.394531e-03  2.935625e+02
 4.414062e-03  2.935850e+02
 4.433594e-03  2.936005e+02
 4.453125e-03  2.936067e+02
 4.472656e-03  2.936039e+02
 4.492187e-03  2.935911e+02
 4.511719e-03  2.935706e+02
 4.531250e-03  2.935430e+02
 4.550781e-03  2.935116e+02
 4.570312e-03  2.934786e+02
 4.589844e-03  2.934489e+02
 4.609375e-03  2.934254e+02
 4.628906e-03  2.934125e+02
 4.648438e-03  2.934128e+02
 4.667969e-03  2.934296e+02
 4.687500e-03  2.934637e+02
 4.707031e-03  2.935161e+02
 4.726563e-03  2.935847e+02
 4.746094e-03  2.936679e+02
 4.765625e-03  2.937608e+02
 4.785156e-03  2.938587e+02
 4.804688e-03  2.939546e+02
 4.824219e-03  2.940423e+02
 4.843750e-03  2.941139e+02
 4.863281e-03  2.941631e+02
 4.882812e-03  2.941831e+02
 4.902344e-03  2.941694e+02
 4.921875e-03  2.941180e+02
 4.941406e-03  2.940277e+02
 4.960937e-03  2.938983e+02
 4.980469e-03  2.937332e+02
 5.000000e-03  2.935363e+02
 5.019531e-03  2.933147e+02
 5.039062e-03  2.930759e+02
 5.058594e-03  2.928296e+02
 5.078125e-03  2.925849e+02
 5.097656e-03  2.923524e+02
 5.117187e-03  2.921405e+02
 5.136719e-03  2.919585e+02
 5.156250e-03  2.918123e+02
 5.175781e-03  2.917072e+02
 5.195313e-03  2.916457e+02
 5.214844e-03  2.916288e+02
 5.234375e-03  2.916545e+02
 5.253906e-03  2.917195e+02
 5.273438e-03  2.918180e+02
 5.292969e-03  2.919436e+02
 5.312500e-03  2.920880e+02
 5.332031e-03  2.922437e+02
 5.351563e-03  2.924016e+02
 5.371094e-03  2.925546e+02
 5.390625e-03  2.926953e+02
 5.410156e-03  2.928188e+02
 5.429687e-03  2.929201e+02
 5.449219e-03  2.929971e+02
 5.468750e-03  2.930484e+02
 5.488281e-03  2.930746e+02
 5.507812e-03  2.930775e+02
 5.527344e-03  2.930602e+02
 5.546875e-03  2.930259e+02
 5.566406e-03  2.929791e+02
 5.585937e-03  2.929239e+02
 5.605469e-03  2.928649e+02
 5.625000e-03  2.928054e+02
 5.644531e-03  2.927493e+02
 5.664063e-03  2.926988e+02
 5.683594e-03  2.926561e+02
 5.703125e-03  2.926219e+02
 5.722656e-03  2.925971e+02
 5.742188e-03  2.925809e+02
 5.761719e-03  2.925730e+02
 5.781250e-03  2.925721e+02
 5.800781e-03  2.925768e+02
 5.820313e-03  2.925858e+02
 5.839844e-03  2.925980e+02
 5.859375e-03  2.926119e+02
 5.878906e-03  2.926268e+02
 5.898437e-03  2.926416e+02
 5.917969e-03  2.926563e+02
 5.937500e-03  2.926703e+02
 5.957031e-03  2.926839e+02
 5.976562e-03  2.926968e+02
 5.996094e-03  2.927096e+02
 6.015625e-03  2.927222e+02
 6.035156e-03  2.927350e+02
 6.054687e-03  2.927479e+02
 6.074219e-03  2.927612e+02
 6.093750e-03  2.927744e+02
 6.113281e-03  2.927879e+02
 6.132813e-03  2.928010e+02
 6.152344e-03  2.928138e+02
 6.171875e-03  2.928257e+02
 6.191406e-03  2.928368e+02
 6.210938e-03  2.928465e+02
 6.230469e-03  2.928551e+02
 6.250000e-03  2.928622e+02
 6.269531e-03  2.928679e+02
 6.289063e-03  2.928723e+02
 6.308594e-03  2.928756e+02
 6.328125e-03  2.928778e+02
 6.347656e-03  2.928792e+02
 6.367187e-03  2.928800e+02
 6.386719e-03  2.928802e+02
 6.406250e-03  2.928798e+02
 6.425781e-03  2.928790e+02
 6.445312e-03  2.928776e+02
 6.464844e-03  2.928754e+02
 6.484375e-03  2.928723e+02
 6.503906e-03  2.928682e+02
 6.523437e-03  2.928627e+02
 6.542969e-03  2.928559e+02
 6.562500e-03  2.928475e+02
 6.582031e-03  2.928377e+02
 6.601563e-03  2.928262e+02
 6.621094e-03  2.928137e+02
 6.640625e-03  2.928004e+02
 6.660156e-03  2.927864e+02
 6.679688e-03  2.927725e+02
 6.699219e-03  2.927590e+02
 6.718750e-03  2.927466e+02
 6.738281e-03  2.927356e+02
 6.757813e-03  2.927263e+02
 6.777344e-03  2.927193e+02
 6.796875e-03  2.927146e+02
 6.816406e-03  2.927121e+02
 6.835938e-03  2.927119e+02
 6.855469e-03  2.927137e+02
 6.875000e-03  2.927173e+02
 6.894531e-03  2.927221e+02
 6.914062e-03  2.927278e+02
 6.933594e-03  2.927342e+02
 6.953125e-03  2.927406e+02
 6.972656e-03  2.927469e+02
 6.992187e-03  2.927528e+02
 7.011719e-03  2.927587e+02
 7.031250e-03  2.927642e+02
 7.050781e-03  2.927697e+02
 7.070312e-03  2.927755e+02
 7.089844e-03  2.927821e+02
 7.109375e-03  2.927895e+02
 7.128906e-03  2.927987e+02
 7.148438e-03  2.928096e+02
 7.167969e-03  2.928225e+02
 7.187500e-03  2.928376e+02
 7.207031e-03  2.928550e+02
 7.226563e-03  2.928743e+02
 7.246094e-03  2.928954e+02
 7.265625e-03  2.929177e+02
 7.285156e-03  2.929408e+02
 7.304688e-03  2.929640e+02
 7.324219e-03  2.929865e+02
 7.343750e-03  2.930079e+02
 7.363281e-03  2.930273e+02
 7.382812e-03  2.930444e+02
 7.402344e-03  2.930588e+02
 7.421875e-03  2.930699e+02
 7.441406e-03  2.930779e+02
 7.460937e-03  2.930825e+02
 7.480469e-03  2.930841e+02
 7.500000e-03  2.930827e+02
 7.519531e-03  2.930787e+02
 7.539062e-03  2.930724e+02
 7.558594e-03  2.930642e+02
 7.578125e-03  2.930544e+02
 7.597656e-03  2.930433e+02
 7.617188e-03  2.930314e+02
 7.636719e-03  2.930188e+02
 7.656250e-03  2.930058e+02
 7.675781e-03  2.929923e+02
 7.695313e-03  2.929789e+02
 7.714844e-03  2.929653e+02
 7.734375e-03  2.929517e+02
 7.753906e-03  2.929384e+02
 7.773438e-03  2.929253e+02
 7.792969e-03  2.929127e+02
 7.812500e-03  2.929007e+02
 7.832032e-03  2.928896e+02
 7.851562e-03  2.928796e+02
 7.871094e-03  2.928710e+02
 7.890625e-03  2.928636e+02
 7.910157e-03  2.928582e+02
 7.929687e-03  2.928546e+02
 7.949219e-03  2.928531e+02
 7.968750e-03  2.928535e+02
 7.988282e-03  2.928560e+02
 8.007812e-03  2.928602e+02
 8.027344e-03  2.928666e+02
 8.046875e-03  2.928744e+02
 8.066406e-03  2.928835e+02
 8.085937e-03  2.928936e+02
 8.105469e-03  2.929045e+02
 8.125000e-03  2.929157e+02
 8.144531e-03  2.929271e+02
 8.164062e-03  2.929382e+02
 8.183594e-03  2.929489e+02
 8.203125e-03  2.929589e+02
 8.222656e-03  2.929680e+02
 8.242187e-03  2.929761e+02
 8.261719e-03  2.929833e+02
 8.281250e-03  2.929893e+02
 8.300781e-03  2.929942e+02
 8.320313e-03  2.929982e+02
 8.339844e-03  2.930011e+02
 8.359375e-03  2.930031e+02
 8.378906e-03  2.930046e+02
 8.398438e-03  2.930052e+02
 8.417969e-03  2.930055e+02
 8.437500e-03  2.930051e+02
 8.457031e-03  2.930046e+02
 8.476563e-03  2.930037e+02
 8.496094e-03  2.930027e+02
 8.515625e-03  2.930015e+02
 8.535156e-03  2.930003e+02
 8.554688e-03  2.929990e+02
 8.574218e-03  2.929979e+02
 8.593750e-03  2.929967e+02
 8.613281e-03  2.929957e+02
 8.632813e-03  2.929946e+02
 8.652343e-03  2.929935e+02
 8.671875e-03  2.929925e+02
 8.691406e-03  2.929916e+02
 8.710938e-03  2.929906e+02
 8.730468e-03  2.929896e+02
 8.750000e-03  2.929883e+02
 8.769531e-03  2.929871e+02
 8.789062e-03  2.929856e+02
 8.808594e-03  2.929839e+02
 8.828125e-03  2.929818e+02
 8.847657e-03  2.929795e+02
 8.867187e-03  2.929767e+02
 8.886719e-03  2.929738e+02
 8.906250e-03  2.929703e+02
 8.925782e-03  2.929666e+02
 8.945312e-03  2.929628e+02
 8.964844e-03  2.929589e+02
 8.984375e-03  2.929550e+02
 9.003907e-03  2.929514e+02
 9.023437e-03  2.929481e+02
 9.042969e-03  2.929453e+02
 9.062500e-03  2.929433e+02
 9.082031e-03  2.929424e+02
 9.101562e-03  2.929422e+02
 9.121094e-03  2.929432e+02
 9.140625e-03  2.929453e+02
 9.160156e-03  2.929489e+02
 9.179687e-03  2.929534e+02
 9.199219e-03  2.929590e+02
 9.218750e-03  2.929655e+02
 9.238281e-03  2.929728e+02
 9.257812e-03  2.929808e+02
 9.277344e-03  2.929891e+02
 9.296875e-03  2.929977e+02
 9.316406e-03  2.930063e+02
 9.335938e-03  2.930146e+02
 9.355469e-03  2.930227e+02
 9.375000e-03  2.930301e+02
 9.394531e-03  2.930369e+02
 9.414063e-03  2.930428e+02
 9.433594e-03  2.930480e+02
 9.453125e-03  2.930522e+02
 9.472656e-03  2.930551e+02
 9.492188e-03  2.930571e+02
 9.511719e-03  2.930581e+02
 9.531250e-03  2.930579e+02
 9.550781e-03  2.930565e+02
 9.570313e-03  2.930539e+02
 9.589843e-03  2.930501e+02
 9.609375e-03  2.930451e+02
 9.628906e-03  2.930391e+02
 9.648438e-03  2.930317e+02
 9.667968e-03  2.930233e+02
 9.687500e-03  2.930139e+02
 9.707031e-03  2.930036e+02
 9.726563e-03  2.929926e+02
 9.746093e-03  2.929812e+02
 9.765625e-03  2.929693e+02
 9.785157e-03  2.929574e+02
 9.804687e-03  2.929454e+02
 9.824219e-03  2.929340e+02
 9.843750e-03  2.929230e+02
 9.863282e-03  2.929127e+02
 9.882812e-03  2.929037e+02
 9.902344e-03  2.928958e+02
 9.921875e-03  2.928892e+02
 9.941407e-03  2.928841e+02
 9.960937e-03  2.928807e+02
 9.980469e-03  2.928790e+02
