# y(m) T(K)
 0.000000e+00  2.929997e+02
 1.953125e-05  2.929993e+02
 3.906250e-05  2.930001e+02
 5.859375e-05  2.929988e+02
 7.812500e-05  2.930006e+02
 9.765625e-05  2.929983e+02
 1.171875e-04  2.930009e+02
 1.367188e-04  2.929978e+02
 1.562500e-04  2.930015e+02
 1.757813e-04  2.929973e+02
 1.953125e-04  2.930019e+02
 2.148437e-04  2.929969e+02
 2.343750e-04  2.930023e+02
 2.539062e-04  2.929964e+02
 2.734375e-04  2.930028e+02
 2.929688e-04  2.929961e+02
 3.125000e-04  2.930034e+02
 3.320313e-04  2.929956e+02
 3.515625e-04  2.930038e+02
 3.710937e-04  2.929951e+02
 3.906250e-04  2.930043e+02
 4.101562e-04  2.929945e+02
 4.296875e-04  2.930047e+02
 4.492188e-04  2.929940e+02
 4.687500e-04  2.930052e+02
 4.882812e-04  2.929936e+02
 5.078125e-04  2.930057e+02
 5.273438e-04  2.929931e+02
 5.468750e-04  2.930062e+02
 5.664062e-04  2.929925e+02
 5.859375e-04  2.930067e+02
 6.054688e-04  2.929920e+02
 6.250000e-04  2.930073e+02
 6.445313e-04  2.929915e+02
 6.640625e-04  2.930079e+02
 6.835937e-04  2.929910e+02
 7.031250e-04  2.930085e+02
 7.226563e-04  2.929904e+02
 7.421875e-04  2.930090e+02
 7.617187e-04  2.929898e+02
 7.812500e-04  2.930096e+02
 8.007812e-04  2.929891e+02
 8.203125e-04  2.930101e+02
 8.398438e-04  2.929885e+02
 8.593750e-04  2.930108e+02
 8.789062e-04  2.929878e+02
 8.984375e-04  2.930114e+02
 9.179687e-04  2.929871e+02
 9.375000e-04  2.930121e+02
 9.570313e-04  2.929866e+02
 9.765625e-04  2.930129e+02
 9.960937e-04  2.929859e+02
 1.015625e-03  2.930137e+02
 1.035156e-03  2.929852e+02
 1.054688e-03  2.930143e+02
 1.074219e-03  2.929844e+02
 1.093750e-03  2.930152e+02
 1.113281e-03  2.929835e+02
 1.132812e-03  2.930158e+02
 1.152344e-03  2.929826e+02
 1.171875e-03  2.930168e+02
 1.191406e-03  2.929819e+02
 1.210938e-03  2.930177e+02
 1.230469e-03  2.929809e+02
 1.250000e-03  2.930188e+02
 1.269531e-03  2.929799e+02
 1.289063e-03  2.930198e+02
 1.308594e-03  2.929788e+02
 1.328125e-03  2.930208e+02
 1.347656e-03  2.929776e+02
 1.367187e-03  2.930219e+02
 1.386719e-03  2.929764e+02
 1.406250e-03  2.930232e+02
 1.425781e-03  2.929751e+02
 1.445313e-03  2.930245e+02
 1.464844e-03  2.929738e+02
 1.484375e-03  2.930259e+02
 1.503906e-03  2.929723e+02
 1.523437e-03  2.930275e+02
 1.542969e-03  2.929706e+02
 1.562500e-03  2.930292e+02
 1.582031e-03  2.929688e+02
 1.601562e-03  2.930310e+02
 1.621094e-03  2.929670e+02
 1.640625e-03  2.930331e+02
 1.660156e-03  2.929649e+02
 1.679688e-03  2.930352e+02
 1.699219e-03  2.929626e+02
 1.718750e-03  2.930377e+02
 1.738281e-03  2.929600e+02
 1.757812e-03  2.930403e+02
 1.777344e-03  2.929572e+02
 1.796875e-03  2.930434e+02
 1.816406e-03  2.929540e+02
 1.835937e-03  2.930469e+02
 1.855469e-03  2.929504e+02
 1.875000e-03  2.930507e+02
 1.894531e-03  2.929462e+02
 1.914063e-03  2.930552e+02
 1.933594e-03  2.929414e+02
 1.953125e-03  2.930605e+02
 1.972656e-03  2.929357e+02
 1.992187e-03  2.930667e+02
 2.011719e-03  2.929290e+02
 2.031250e-03  2.930740e+02
 2.050781e-03  2.929207e+02
 2.070312e-03  2.930829e+02
 2.089844e-03  2.929109e+02
 2.109375e-03  2.930939e+02
 2.128906e-03  2.928984e+02
 2.148438e-03  2.931079e+02
 2.167969e-03  2.928825e+02
 2.187500e-03  2.931263e+02
 2.207031e-03  2.928615e+02
 2.226562e-03  2.931507e+02
 2.246094e-03  2.928329e+02
 2.265625e-03  2.931847e+02
 2.285156e-03  2.927924e+02
 2.304687e-03  2.932341e+02
 2.324219e-03  2.927454e+02
 2.343750e-03  2.934591e+02
 2.363281e-03  2.942977e+02
 2.382813e-03  3.070957e+02
 2.402344e-03  3.790466e+02
 2.421875e-03  6.716109e+02
 2.441406e-03  1.449961e+03
 2.460937e-03  2.920975e+03
 2.480469e-03  3.511693e+03
 2.500000e-03  3.671473e+03
 2.519531e-03  3.519805e+03
 2.539062e-03  2.920883e+03
 2.558594e-03  1.455148e+03
 2.578125e-03  6.715959e+02
 2.597656e-03  3.798299e+02
 2.617188e-03  3.069965e+02
 2.636719e-03  2.948997e+02
 2.656250e-03  2.930957e+02
 2.675781e-03  2.930699e+02
 2.695312e-03  2.929478e+02
 2.714844e-03  2.930494e+02
 2.734375e-03  2.929512e+02
 2.753906e-03  2.930468e+02
 2.773437e-03  2.929532e+02
 2.792969e-03  2.930449e+02
 2.812500e-03  2.929550e+02
 2.832031e-03  2.930428e+02
 2.851563e-03  2.929570e+02
 2.871094e-03  2.930409e+02
 2.890625e-03  2.929591e+02
 2.910156e-03  2.930389e+02
 2.929688e-03  2.929611e+02
 2.949219e-03  2.930370e+02
 2.968750e-03  2.929632e+02
 2.988281e-03  2.930351e+02
 3.007812e-03  2.929649e+02
 3.027344e-03  2.930334e+02
 3.046875e-03  2.929666e+02
 3.066406e-03  2.930316e+02
 3.085938e-03  2.929682e+02
 3.105469e-03  2.930300e+02
 3.125000e-03  2.929698e+02
 3.144531e-03  2.930285e+02
 3.164063e-03  2.929712e+02
 3.183594e-03  2.930272e+02
 3.203125e-03  2.929726e+02
 3.222656e-03  2.930258e+02
 3.242187e-03  2.929738e+02
 3.261719e-03  2.930246e+02
 3.281250e-03  2.929750e+02
 3.300781e-03  2.930234e+02
 3.320313e-03  2.929761e+02
 3.339844e-03  2.930224e+02
 3.359375e-03  2.929772e+02
 3.378906e-03  2.930213e+02
 3.398438e-03  2.929782e+02
 3.417969e-03  2.930204e+02
 3.437500e-03  2.929791e+02
 3.457031e-03  2.930194e+02
 3.476562e-03  2.929800e+02
 3.496094e-03  2.930185e+02
 3.515625e-03  2.929809e+02
 3.535156e-03  2.930177e+02
 3.554688e-03  2.929817e+02
 3.574219e-03  2.930169e+02
 3.593750e-03  2.929825e+02
 3.613281e-03  2.930161e+02
 3.632813e-03  2.929832e+02
 3.652344e-03  2.930154e+02
 3.671875e-03  2.929839e+02
 3.691406e-03  2.930148e+02
 3.710937e-03  2.929847e+02
 3.730469e-03  2.930141e+02
 3.750000e-03  2.929854e+02
 3.769531e-03  2.930134e+02
 3.789063e-03  2.929860e+02
 3.808594e-03  2.930128e+02
 3.828125e-03  2.929866e+02
 3.847656e-03  2.930122e+02
 3.867188e-03  2.929871e+02
 3.886719e-03  2.930117e+02
 3.906250e-03  2.929878e+02
 3.925781e-03  2.930111e+02
 3.945312e-03  2.929883e+02
 3.964844e-03  2.930106e+02
 3.984375e-03  2.929889e+02
 4.003906e-03  2.930100e+02
 4.023437e-03  2.929893e+02
 4.042969e-03  2.930095e+02
 4.062500e-03  2.929897e+02
 4.082031e-03  2.930089e+02
 4.101562e-03  2.929902e+02
 4.121094e-03  2.930085e+02
 4.140625e-03  2.929908e+02
 4.160156e-03  2.930080e+02
 4.179688e-03  2.929912e+02
 4.199219e-03  2.930076e+02
 4.218750e-03  2.929917e+02
 4.238281e-03  2.930071e+02
 4.257813e-03  2.929922e+02
 4.277344e-03  2.930068e+02
 4.296875e-03  2.929927e+02
 4.316406e-03  2.930062e+02
 4.335938e-03  2.929930e+02
 4.355469e-03  2.930058e+02
 4.375000e-03  2.929934e+02
 4.394531e-03  2.930052e+02
 4.414062e-03  2.929938e+02
 4.433594e-03  2.930050e+02
 4.453125e-03  2.929943e+02
 4.472656e-03  2.930046e+02
 4.492187e-03  2.929946e+02
 4.511719e-03  2.930042e+02
 4.531250e-03  2.929951e+02
 4.550781e-03  2.930038e+02
 4.570312e-03  2.929955e+02
 4.589844e-03  2.930034e+02
 4.609375e-03  2.929959e+02
 4.628906e-03  2.930030e+02
 4.648438e-03  2.929963e+02
 4.667969e-03  2.930027e+02
 4.687500e-03  2.929967e+02
 4.707031e-03  2.930022e+02
 4.726563e-03  2.929970e+02
 4.746094e-03  2.930018e+02
 4.765625e-03  2.929974e+02
 4.785156e-03  2.930014e+02
 4.804688e-03  2.929977e+02
 4.824219e-03  2.930011e+02
 4.843750e-03  2.929981e+02
 4.863281e-03  2.930007e+02
 4.882812e-03  2.929985e+02
 4.902344e-03  2.930004e+02
 4.921875e-03  2.929990e+02
 4.941406e-03  2.930000e+02
 4.960937e-03  2.929993e+02
 4.980469e-03  2.929997e+02
