# z(m) T(K)
 1.250000e-06  3.758867e+03
 3.750000e-06  3.281638e+03
 6.250000e-06  2.905314e+03
 8.750000e-06  2.509028e+03
 1.125000e-05  2.172938e+03
 1.375000e-05  1.849667e+03
 1.625000e-05  1.609565e+03
 1.875000e-05  1.395543e+03
 2.125000e-05  1.223786e+03
 2.375000e-05  1.064119e+03
 2.625000e-05  9.388436e+02
 2.875000e-05  8.226520e+02
 3.125000e-05  7.338144e+02
 3.375000e-05  6.509479e+02
 3.625000e-05  5.895999e+02
 3.875000e-05  5.314525e+02
 4.125000e-05  4.901564e+02
 4.375000e-05  4.498303e+02
 4.625000e-05  4.227399e+02
 4.875000e-05  3.949611e+02
 5.125000e-05  3.776870e+02
 5.375000e-05  3.585743e+02
 5.625000e-05  3.479401e+02
 5.875000e-05  3.347238e+02
 6.125000e-05  3.284974e+02
 6.375000e-05  3.192483e+02
 6.625000e-05  3.158976e+02
 6.875000e-05  3.092971e+02
 7.125000e-05  3.077906e+02
 7.375000e-05  3.029509e+02
 7.625000e-05  3.026051e+02
 7.875000e-05  2.989351e+02
 8.125000e-05  2.993036e+02
 8.375000e-05  2.964136e+02
 8.625000e-05  2.972086e+02
 8.875000e-05  2.948430e+02
 9.125000e-05  2.958814e+02
 9.375000e-05  2.938734e+02
 9.625000e-05  2.950405e+02
 9.875000e-05  2.932813e+02
 1.012500e-04  2.945060e+02
 1.037500e-04  2.929249e+02
 1.062500e-04  2.941643e+02
 1.087500e-04  2.927146e+02
 1.112500e-04  2.939435e+02
 1.137500e-04  2.925945e+02
 1.162500e-04  2.937983e+02
 1.187500e-04  2.925294e+02
 1.212500e-04  2.937007e+02
 1.237500e-04  2.924977e+02
 1.262500e-04  2.936330e+02
 1.287500e-04  2.924859e+02
 1.312500e-04  2.935842e+02
 1.337500e-04  2.924859e+02
 1.362500e-04  2.935475e+02
 1.387500e-04  2.924926e+02
 1.412500e-04  2.935187e+02
 1.437500e-04  2.925029e+02
 1.462500e-04  2.934951e+02
 1.487500e-04  2.925151e+02
 1.512500e-04  2.934751e+02
 1.537500e-04  2.925281e+02
 1.562500e-04  2.934575e+02
 1.587500e-04  2.925412e+02
 1.612500e-04  2.934418e+02
 1.637500e-04  2.925541e+02
 1.662500e-04  2.934274e+02
 1.687500e-04  2.925666e+02
 1.712500e-04  2.934142e+02
 1.737500e-04  2.925786e+02
 1.762500e-04  2.934019e+02
 1.787500e-04  2.925901e+02
 1.812500e-04  2.933903e+02
 1.837500e-04  2.926010e+02
 1.862500e-04  2.933795e+02
 1.887500e-04  2.926114e+02
 1.912500e-04  2.933692e+02
 1.937500e-04  2.926212e+02
 1.962500e-04  2.933595e+02
 1.987500e-04  2.926306e+02
 2.012500e-04  2.933503e+02
 2.037500e-04  2.926396e+02
 2.062500e-04  2.933415e+02
 2.087500e-04  2.926481e+02
 2.112500e-04  2.933332e+02
 2.137500e-04  2.926563e+02
 2.162500e-04  2.933252e+02
 2.187500e-04  2.926641e+02
 2.212500e-04  2.933176e+02
 2.237500e-04  2.926715e+02
 2.262500e-04  2.933103e+02
 2.287500e-04  2.926786e+02
 2.312500e-04  2.933033e+02
 2.337500e-04  2.926854e+02
 2.362500e-04  2.932967e+02
 2.387500e-04  2.926920e+02
 2.412500e-04  2.932903e+02
 2.437500e-04  2.926982e+02
 2.462500e-04  2.932841e+02
 2.487500e-04  2.927042e+02
 2.512500e-04  2.932783e+02
 2.537500e-04  2.927100e+02
 2.562500e-04  2.932726e+02
 2.587500e-04  2.927155e+02
 2.612500e-04  2.932672e+02
 2.637500e-04  2.927209e+02
 2.662500e-04  2.932619e+02
 2.687500e-04  2.927260e+02
 2.712500e-04  2.932568e+02
 2.737500e-04  2.927310e+02
 2.762500e-04  2.932520e+02
 2.787500e-04  2.927358e+02
 2.812500e-04  2.932473e+02
 2.837500e-04  2.927404e+02
 2.862500e-04  2.932427e+02
 2.887500e-04  2.927449e+02
 2.912500e-04  2.932383e+02
 2.937500e-04  2.927492e+02
 2.962500e-04  2.932341e+02
 2.987500e-04  2.927533e+02
 3.012500e-04  2.932300e+02
 3.037500e-04  2.927574e+02
 3.062500e-04  2.932260e+02
 3.087500e-04  2.927613e+02
 3.112500e-04  2.932222e+02
 3.137500e-04  2.927650e+02
 3.162500e-04  2.932184e+02
 3.187500e-04  2.927687e+02
 3.212500e-04  2.932148e+02
 3.237500e-04  2.927723e+02
 3.262500e-04  2.932113e+02
 3.287500e-04  2.927757e+02
 3.312500e-04  2.932079e+02
 3.337500e-04  2.927791e+02
 3.362500e-04  2.932046e+02
 3.387500e-04  2.927823e+02
 3.412500e-04  2.932014e+02
 3.437500e-04  2.927854e+02
 3.462500e-04  2.931983e+02
 3.487500e-04  2.927885e+02
 3.512500e-04  2.931953e+02
 3.537500e-04  2.927915e+02
 3.562500e-04  2.931924e+02
 3.587500e-04  2.927944e+02
 3.612500e-04  2.931895e+02
 3.637500e-04  2.927972e+02
 3.662500e-04  2.931867e+02
 3.687500e-04  2.927999e+02
 3.712500e-04  2.931840e+02
 3.737500e-04  2.928026e+02
 3.762500e-04  2.931813e+02
 3.787500e-04  2.928052e+02
 3.812500e-04  2.931788e+02
 3.837500e-04  2.928077e+02
 3.862500e-04  2.931762e+02
 3.887500e-04  2.928102e+02
 3.912500e-04  2.931738e+02
 3.937500e-04  2.928126e+02
 3.962500e-04  2.931714e+02
 3.987500e-04  2.928149e+02
 4.012500e-04  2.931691e+02
 4.037500e-04  2.928172e+02
 4.062500e-04  2.931668e+02
 4.087500e-04  2.928195e+02
 4.112500e-04  2.931646e+02
 4.137500e-04  2.928217e+02
 4.162500e-04  2.931624e+02
 4.187500e-04  2.928238e+02
 4.212500e-04  2.931603e+02
 4.237500e-04  2.928259e+02
 4.262500e-04  2.931583e+02
 4.287500e-04  2.928279e+02
 4.312500e-04  2.931562e+02
 4.337500e-04  2.928299e+02
 4.362500e-04  2.931543e+02
 4.387500e-04  2.928318e+02
 4.412500e-04  2.931523e+02
 4.437500e-04  2.928337e+02
 4.462500e-04  2.931505e+02
 4.487500e-04  2.928356e+02
 4.512500e-04  2.931486e+02
 4.537500e-04  2.928374e+02
 4.562500e-04  2.931468e+02
 4.587500e-04  2.928392e+02
 4.612500e-04  2.931450e+02
 4.637500e-04  2.928410e+02
 4.662500e-04  2.931433e+02
 4.687500e-04  2.928427e+02
 4.712500e-04  2.931416e+02
 4.737500e-04  2.928443e+02
 4.762500e-04  2.931399e+02
 4.787500e-04  2.928460e+02
 4.812500e-04  2.931383e+02
 4.837500e-04  2.928476e+02
 4.862500e-04  2.931367e+02
 4.887500e-04  2.928492e+02
 4.912500e-04  2.931351e+02
 4.937500e-04  2.928507e+02
 4.962500e-04  2.931336e+02
 4.987500e-04  2.928522e+02
 5.012500e-04  2.931321e+02
 5.037500e-04  2.928537e+02
 5.062500e-04  2.931306e+02
 5.087500e-04  2.928552e+02
 5.112500e-04  2.931292e+02
 5.137500e-04  2.928566e+02
 5.162500e-04  2.931277e+02
 5.187500e-04  2.928580e+02
 5.212500e-04  2.931263e+02
 5.237500e-04  2.928594e+02
 5.262500e-04  2.931250e+02
 5.287500e-04  2.928607e+02
 5.312500e-04  2.931236e+02
 5.337500e-04  2.928621e+02
 5.362500e-04  2.931223e+02
 5.387500e-04  2.928633e+02
 5.412500e-04  2.931210e+02
 5.437500e-04  2.928646e+02
 5.462500e-04  2.931197e+02
 5.487500e-04  2.928659e+02
 5.512500e-04  2.931185e+02
 5.537500e-04  2.928671e+02
 5.562500e-04  2.931172e+02
 5.587500e-04  2.928683e+02
 5.612500e-04  2.931160e+02
 5.637500e-04  2.928695e+02
 5.662500e-04  2.931148e+02
 5.687500e-04  2.928707e+02
 5.712500e-04  2.931137e+02
 5.737500e-04  2.928719e+02
 5.762500e-04  2.931125e+02
 5.787500e-04  2.928730e+02
 5.812500e-04  2.931114e+02
 5.837500e-04  2.928741e+02
 5.862500e-04  2.931103e+02
 5.887500e-04  2.928752e+02
 5.912500e-04  2.931092e+02
 5.937500e-04  2.928763e+02
 5.962500e-04  2.931081e+02
 5.987500e-04  2.928774e+02
 6.012500e-04  2.931071e+02
 6.037500e-04  2.928784e+02
 6.062500e-04  2.931060e+02
 6.087500e-04  2.928795e+02
 6.112500e-04  2.931050e+02
 6.137500e-04  2.928805e+02
 6.162500e-04  2.931040e+02
 6.187500e-04  2.928815e+02
 6.212500e-04  2.931030e+02
 6.237500e-04  2.928825e+02
 6.262500e-04  2.931020e+02
 6.287500e-04  2.928835e+02
 6.312500e-04  2.931010e+02
 6.337500e-04  2.928844e+02
 6.362500e-04  2.931001e+02
 6.387500e-04  2.928853e+02
 6.412500e-04  2.930992e+02
 6.437500e-04  2.928863e+02
 6.462500e-04  2.930982e+02
 6.487500e-04  2.928872e+02
 6.512500e-04  2.930973e+02
 6.537500e-04  2.928881e+02
 6.562500e-04  2.930964e+02
 6.587500e-04  2.928890e+02
 6.612500e-04  2.930956e+02
 6.637500e-04  2.928899e+02
 6.662500e-04  2.930947e+02
 6.687500e-04  2.928907e+02
 6.712500e-04  2.930938e+02
 6.737500e-04  2.928916e+02
 6.762500e-04  2.930930e+02
 6.787500e-04  2.928925e+02
 6.812500e-04  2.930922e+02
 6.837500e-04  2.928933e+02
 6.862500e-04  2.930913e+02
 6.887500e-04  2.928941e+02
 6.912500e-04  2.930905e+02
 6.937500e-04  2.928949e+02
 6.962500e-04  2.930897e+02
 6.987500e-04  2.928957e+02
 7.012500e-04  2.930890e+02
 7.037500e-04  2.928965e+02
 7.062500e-04  2.930882e+02
 7.087500e-04  2.928973e+02
 7.112500e-04  2.930874e+02
 7.137500e-04  2.928980e+02
 7.162500e-04  2.930866e+02
 7.187500e-04  2.928988e+02
 7.212500e-04  2.930859e+02
 7.237500e-04  2.928995e+02
 7.262500e-04  2.930852e+02
 7.287500e-04  2.929003e+02
 7.312500e-04  2.930844e+02
 7.337500e-04  2.929010e+02
 7.362500e-04  2.930837e+02
 7.387500e-04  2.929017e+02
 7.412500e-04  2.930830e+02
 7.437500e-04  2.929024e+02
 7.462500e-04  2.930823e+02
 7.487500e-04  2.929032e+02
 7.512500e-04  2.930816e+02
 7.537500e-04  2.929038e+02
 7.562500e-04  2.930809e+02
 7.587500e-04  2.929045e+02
 7.612500e-04  2.930803e+02
 7.637500e-04  2.929052e+02
 7.662500e-04  2.930796e+02
 7.687500e-04  2.929059e+02
 7.712500e-04  2.930789e+02
 7.737500e-04  2.929065e+02
 7.762500e-04  2.930783e+02
 7.787500e-04  2.929072e+02
 7.812500e-04  2.930776e+02
 7.837500e-04  2.929078e+02
 7.862500e-04  2.930770e+02
 7.887500e-04  2.929085e+02
 7.912500e-04  2.930764e+02
 7.937500e-04  2.929091e+02
 7.962500e-04  2.930757e+02
 7.987500e-04  2.929097e+02
 8.012500e-04  2.930751e+02
 8.037500e-04  2.929103e+02
 8.062500e-04  2.930745e+02
 8.087500e-04  2.929109e+02
 8.112500e-04  2.930739e+02
 8.137500e-04  2.929116e+02
 8.162500e-04  2.930733e+02
 8.187500e-04  2.929121e+02
 8.212500e-04  2.930728e+02
 8.237500e-04  2.929128e+02
 8.262500e-04  2.930722e+02
 8.287500e-04  2.929133e+02
 8.312500e-04  2.930716e+02
 8.337500e-04  2.929139e+02
 8.362500e-04  2.930710e+02
 8.387500e-04  2.929145e+02
 8.412500e-04  2.930705e+02
 8.437500e-04  2.929150e+02
 8.462500e-04  2.930699e+02
 8.487500e-04  2.929156e+02
 8.512500e-04  2.930693e+02
 8.537500e-04  2.929161e+02
 8.562500e-04  2.930688e+02
 8.587500e-04  2.929167e+02
 8.612500e-04  2.930683e+02
 8.637500e-04  2.929172e+02
 8.662500e-04  2.930677e+02
 8.687500e-04  2.929178e+02
 8.712500e-04  2.930672e+02
 8.737500e-04  2.929183e+02
 8.762500e-04  2.930667e+02
 8.787500e-04  2.929188e+02
 8.812500e-04  2.930662e+02
 8.837500e-04  2.929193e+02
 8.862500e-04  2.930656e+02
 8.887500e-04  2.929198e+02
 8.912500e-04  2.930651e+02
 8.937500e-04  2.929203e+02
 8.962500e-04  2.930646e+02
 8.987500e-04  2.929208e+02
 9.012500e-04  2.930641e+02
 9.037500e-04  2.929213e+02
 9.062500e-04  2.930636e+02
 9.087500e-04  2.929218e+02
 9.112500e-04  2.930631e+02
 9.137500e-04  2.929223e+02
 9.162500e-04  2.930627e+02
 9.187500e-04  2.929228e+02
 9.212500e-04  2.930622e+02
 9.237500e-04  2.929233e+02
 9.262500e-04  2.930617e+02
 9.287500e-04  2.929237e+02
 9.312500e-04  2.930612e+02
 9.337500e-04  2.929242e+02
 9.362500e-04  2.930608e+02
 9.387500e-04  2.929247e+02
 9.412500e-04  2.930603e+02
 9.437500e-04  2.929251e+02
 9.462500e-04  2.930598e+02
 9.487500e-04  2.929256e+02
 9.512500e-04  2.930594e+02
 9.537500e-04  2.929260e+02
 9.562500e-04  2.930589e+02
 9.587500e-04  2.929265e+02
 9.612500e-04  2.930585e+02
 9.637500e-04  2.929269e+02
 9.662500e-04  2.930580e+02
 9.687500e-04  2.929274e+02
 9.712500e-04  2.930576e+02
 9.737500e-04  2.929278e+02
 9.762500e-04  2.930572e+02
 9.787499e-04  2.929282e+02
 9.812500e-04  2.930568e+02
 9.837500e-04  2.929286e+02
 9.862500e-04  2.930563e+02
 9.887500e-04  2.929291e+02
 9.912500e-04  2.930559e+02
 9.937501e-04  2.929295e+02
 9.962500e-04  2.930555e+02
 9.987500e-04  2.929299e+02
 1.001250e-03  2.930551e+02
 1.003750e-03  2.929303e+02
 1.006250e-03  2.930547e+02
 1.008750e-03  2.929307e+02
 1.011250e-03  2.930542e+02
 1.013750e-03  2.929311e+02
 1.016250e-03  2.930538e+02
 1.018750e-03  2.929315e+02
 1.021250e-03  2.930534e+02
 1.023750e-03  2.929319e+02
 1.026250e-03  2.930530e+02
 1.028750e-03  2.929323e+02
 1.031250e-03  2.930526e+02
 1.033750e-03  2.929327e+02
 1.036250e-03  2.930522e+02
 1.038750e-03  2.929331e+02
 1.041250e-03  2.930518e+02
 1.043750e-03  2.929335e+02
 1.046250e-03  2.930515e+02
 1.048750e-03  2.929339e+02
 1.051250e-03  2.930511e+02
 1.053750e-03  2.929342e+02
 1.056250e-03  2.930507e+02
 1.058750e-03  2.929346e+02
 1.061250e-03  2.930503e+02
 1.063750e-03  2.929350e+02
 1.066250e-03  2.930500e+02
 1.068750e-03  2.929354e+02
 1.071250e-03  2.930496e+02
 1.073750e-03  2.929357e+02
 1.076250e-03  2.930492e+02
 1.078750e-03  2.929361e+02
 1.081250e-03  2.930489e+02
 1.083750e-03  2.929364e+02
 1.086250e-03  2.930485e+02
 1.088750e-03  2.929368e+02
 1.091250e-03  2.930481e+02
 1.093750e-03  2.929372e+02
 1.096250e-03  2.930478e+02
 1.098750e-03  2.929375e+02
 1.101250e-03  2.930474e+02
 1.103750e-03  2.929378e+02
 1.106250e-03  2.930471e+02
 1.108750e-03  2.929382e+02
 1.111250e-03  2.930467e+02
 1.113750e-03  2.929385e+02
 1.116250e-03  2.930464e+02
 1.118750e-03  2.929389e+02
 1.121250e-03  2.930460e+02
 1.123750e-03  2.929392e+02
 1.126250e-03  2.930457e+02
 1.128750e-03  2.929395e+02
 1.131250e-03  2.930453e+02
 1.133750e-03  2.929399e+02
 1.136250e-03  2.930450e+02
 1.138750e-03  2.929402e+02
 1.141250e-03  2.930447e+02
 1.143750e-03  2.929406e+02
 1.146250e-03  2.930443e+02
 1.148750e-03  2.929409e+02
 1.151250e-03  2.930440e+02
 1.153750e-03  2.929412e+02
 1.156250e-03  2.930437e+02
 1.158750e-03  2.929415e+02
 1.161250e-03  2.930434e+02
 1.163750e-03  2.929418e+02
 1.166250e-03  2.930431e+02
 1.168750e-03  2.929422e+02
 1.171250e-03  2.930427e+02
 1.173750e-03  2.929425e+02
 1.176250e-03  2.930424e+02
 1.178750e-03  2.929428e+02
 1.181250e-03  2.930421e+02
 1.183750e-03  2.929431e+02
 1.186250e-03  2.930418e+02
 1.188750e-03  2.929434e+02
 1.191250e-03  2.930415e+02
 1.193750e-03  2.929437e+02
 1.196250e-03  2.930412e+02
 1.198750e-03  2.929440e+02
 1.201250e-03  2.930409e+02
 1.203750e-03  2.929443e+02
 1.206250e-03  2.930406e+02
 1.208750e-03  2.929446e+02
 1.211250e-03  2.930403e+02
 1.213750e-03  2.929449e+02
 1.216250e-03  2.930399e+02
 1.218750e-03  2.929452e+02
 1.221250e-03  2.930397e+02
 1.223750e-03  2.929455e+02
 1.226250e-03  2.930394e+02
 1.228750e-03  2.929458e+02
 1.231250e-03  2.930391e+02
 1.233750e-03  2.929461e+02
 1.236250e-03  2.930388e+02
 1.238750e-03  2.929464e+02
 1.241250e-03  2.930385e+02
 1.243750e-03  2.929467e+02
 1.246250e-03  2.930382e+02
 1.248750e-03  2.929470e+02
 1.251250e-03  2.930379e+02
 1.253750e-03  2.929473e+02
 1.256250e-03  2.930376e+02
 1.258750e-03  2.929475e+02
 1.261250e-03  2.930374e+02
 1.263750e-03  2.929478e+02
 1.266250e-03  2.930370e+02
 1.268750e-03  2.929481e+02
 1.271250e-03  2.930368e+02
 1.273750e-03  2.929484e+02
 1.276250e-03  2.930365e+02
 1.278750e-03  2.929486e+02
 1.281250e-03  2.930362e+02
 1.283750e-03  2.929489e+02
 1.286250e-03  2.930359e+02
 1.288750e-03  2.929492e+02
 1.291250e-03  2.930357e+02
 1.293750e-03  2.929495e+02
 1.296250e-03  2.930354e+02
 1.298750e-03  2.929497e+02
 1.301250e-03  2.930351e+02
 1.303750e-03  2.929500e+02
 1.306250e-03  2.930349e+02
 1.308750e-03  2.929503e+02
 1.311250e-03  2.930346e+02
 1.313750e-03  2.929505e+02
 1.316250e-03  2.930343e+02
 1.318750e-03  2.929508e+02
 1.321250e-03  2.930341e+02
 1.323750e-03  2.929510e+02
 1.326250e-03  2.930338e+02
 1.328750e-03  2.929513e+02
 1.331250e-03  2.930335e+02
 1.333750e-03  2.929516e+02
 1.336250e-03  2.930333e+02
 1.338750e-03  2.929518e+02
 1.341250e-03  2.930330e+02
 1.343750e-03  2.929521e+02
 1.346250e-03  2.930328e+02
 1.348750e-03  2.929523e+02
 1.351250e-03  2.930325e+02
 1.353750e-03  2.929526e+02
 1.356250e-03  2.930323e+02
 1.358750e-03  2.929529e+02
 1.361250e-03  2.930320e+02
 1.363750e-03  2.929531e+02
 1.366250e-03  2.930317e+02
 1.368750e-03  2.929533e+02
 1.371250e-03  2.930315e+02
 1.373750e-03  2.929536e+02
 1.376250e-03  2.930312e+02
 1.378750e-03  2.929538e+02
 1.381250e-03  2.930310e+02
 1.383750e-03  2.929541e+02
 1.386250e-03  2.930308e+02
 1.388750e-03  2.929543e+02
 1.391250e-03  2.930305e+02
 1.393750e-03  2.929546e+02
 1.396250e-03  2.930303e+02
 1.398750e-03  2.929548e+02
 1.401250e-03  2.930300e+02
 1.403750e-03  2.929550e+02
 1.406250e-03  2.930298e+02
 1.408750e-03  2.929553e+02
 1.411250e-03  2.930295e+02
 1.413750e-03  2.929555e+02
 1.416250e-03  2.930293e+02
 1.418750e-03  2.929557e+02
 1.421250e-03  2.930291e+02
 1.423750e-03  2.929560e+02
 1.426250e-03  2.930288e+02
 1.428750e-03  2.929562e+02
 1.431250e-03  2.930286e+02
 1.433750e-03  2.929565e+02
 1.436250e-03  2.930284e+02
 1.438750e-03  2.929567e+02
 1.441250e-03  2.930281e+02
 1.443750e-03  2.929569e+02
 1.446250e-03  2.930279e+02
 1.448750e-03  2.929572e+02
 1.451250e-03  2.930277e+02
 1.453750e-03  2.929574e+02
 1.456250e-03  2.930275e+02
 1.458750e-03  2.929576e+02
 1.461250e-03  2.930272e+02
 1.463750e-03  2.929578e+02
 1.466250e-03  2.930270e+02
 1.468750e-03  2.929581e+02
 1.471250e-03  2.930268e+02
 1.473750e-03  2.929583e+02
 1.476250e-03  2.930266e+02
 1.478750e-03  2.929585e+02
 1.481250e-03  2.930263e+02
 1.483750e-03  2.929587e+02
 1.486250e-03  2.930261e+02
 1.488750e-03  2.929590e+02
 1.491250e-03  2.930259e+02
 1.493750e-03  2.929592e+02
 1.496250e-03  2.930257e+02
 1.498750e-03  2.929594e+02
 1.501250e-03  2.930255e+02
 1.503750e-03  2.929596e+02
 1.506250e-03  2.930252e+02
 1.508750e-03  2.929598e+02
 1.511250e-03  2.930250e+02
 1.513750e-03  2.929600e+02
 1.516250e-03  2.930248e+02
 1.518750e-03  2.929602e+02
 1.521250e-03  2.930246e+02
 1.523750e-03  2.929604e+02
 1.526250e-03  2.930244e+02
 1.528750e-03  2.929607e+02
 1.531250e-03  2.930241e+02
 1.533750e-03  2.929609e+02
 1.536250e-03  2.930239e+02
 1.538750e-03  2.929611e+02
 1.541250e-03  2.930237e+02
 1.543750e-03  2.929613e+02
 1.546250e-03  2.930235e+02
 1.548750e-03  2.929615e+02
 1.551250e-03  2.930233e+02
 1.553750e-03  2.929617e+02
 1.556250e-03  2.930231e+02
 1.558750e-03  2.929619e+02
 1.561250e-03  2.930229e+02
 1.563750e-03  2.929621e+02
 1.566250e-03  2.930227e+02
 1.568750e-03  2.929623e+02
 1.571250e-03  2.930225e+02
 1.573750e-03  2.929625e+02
 1.576250e-03  2.930222e+02
 1.578750e-03  2.929627e+02
 1.581250e-03  2.930221e+02
 1.583750e-03  2.929629e+02
 1.586250e-03  2.930219e+02
 1.588750e-03  2.929631e+02
 1.591250e-03  2.930216e+02
 1.593750e-03  2.929633e+02
 1.596250e-03  2.930215e+02
 1.598750e-03  2.929635e+02
 1.601250e-03  2.930212e+02
 1.603750e-03  2.929637e+02
 1.606250e-03  2.930210e+02
 1.608750e-03  2.929639e+02
 1.611250e-03  2.930208e+02
 1.613750e-03  2.929641e+02
 1.616250e-03  2.930206e+02
 1.618750e-03  2.929643e+02
 1.621250e-03  2.930204e+02
 1.623750e-03  2.929645e+02
 1.626250e-03  2.930202e+02
 1.628750e-03  2.929647e+02
 1.631250e-03  2.930201e+02
 1.633750e-03  2.929649e+02
 1.636250e-03  2.930199e+02
 1.638750e-03  2.929651e+02
 1.641250e-03  2.930197e+02
 1.643750e-03  2.929653e+02
 1.646250e-03  2.930195e+02
 1.648750e-03  2.929655e+02
 1.651250e-03  2.930193e+02
 1.653750e-03  2.929657e+02
 1.656250e-03  2.930191e+02
 1.658750e-03  2.929659e+02
 1.661250e-03  2.930189e+02
 1.663750e-03  2.929661e+02
 1.666250e-03  2.930187e+02
 1.668750e-03  2.929663e+02
 1.671250e-03  2.930185e+02
 1.673750e-03  2.929665e+02
 1.676250e-03  2.930183e+02
 1.678750e-03  2.929666e+02
 1.681250e-03  2.930181e+02
 1.683750e-03  2.929668e+02
 1.686250e-03  2.930179e+02
 1.688750e-03  2.929670e+02
 1.691250e-03  2.930178e+02
 1.693750e-03  2.929672e+02
 1.696250e-03  2.930176e+02
 1.698750e-03  2.929674e+02
 1.701250e-03  2.930174e+02
 1.703750e-03  2.929676e+02
 1.706250e-03  2.930172e+02
 1.708750e-03  2.929678e+02
 1.711250e-03  2.930170e+02
 1.713750e-03  2.929680e+02
 1.716250e-03  2.930168e+02
 1.718750e-03  2.929681e+02
 1.721250e-03  2.930167e+02
 1.723750e-03  2.929684e+02
 1.726250e-03  2.930165e+02
 1.728750e-03  2.929685e+02
 1.731250e-03  2.930163e+02
 1.733750e-03  2.929687e+02
 1.736250e-03  2.930161e+02
 1.738750e-03  2.929689e+02
 1.741250e-03  2.930160e+02
 1.743750e-03  2.929691e+02
 1.746250e-03  2.930158e+02
 1.748750e-03  2.929693e+02
 1.751250e-03  2.930156e+02
 1.753750e-03  2.929695e+02
 1.756250e-03  2.930154e+02
 1.758750e-03  2.929696e+02
 1.761250e-03  2.930152e+02
 1.763750e-03  2.929698e+02
 1.766250e-03  2.930151e+02
 1.768750e-03  2.929700e+02
 1.771250e-03  2.930149e+02
 1.773750e-03  2.929702e+02
 1.776250e-03  2.930147e+02
 1.778750e-03  2.929703e+02
 1.781250e-03  2.930145e+02
 1.783750e-03  2.929705e+02
 1.786250e-03  2.930144e+02
 1.788750e-03  2.929707e+02
 1.791250e-03  2.930142e+02
 1.793750e-03  2.929709e+02
 1.796250e-03  2.930140e+02
 1.798750e-03  2.929710e+02
 1.801250e-03  2.930139e+02
 1.803750e-03  2.929712e+02
 1.806250e-03  2.930137e+02
 1.808750e-03  2.929714e+02
 1.811250e-03  2.930135e+02
 1.813750e-03  2.929716e+02
 1.816250e-03  2.930133e+02
 1.818750e-03  2.929718e+02
 1.821250e-03  2.930132e+02
 1.823750e-03  2.929719e+02
 1.826250e-03  2.930130e+02
 1.828750e-03  2.929721e+02
 1.831250e-03  2.930128e+02
 1.833750e-03  2.929723e+02
 1.836250e-03  2.930127e+02
 1.838750e-03  2.929724e+02
 1.841250e-03  2.930125e+02
 1.843750e-03  2.929726e+02
 1.846250e-03  2.930123e+02
 1.848750e-03  2.929728e+02
 1.851250e-03  2.930121e+02
 1.853750e-03  2.929730e+02
 1.856250e-03  2.930120e+02
 1.858750e-03  2.929731e+02
 1.861250e-03  2.930118e+02
 1.863750e-03  2.929733e+02
 1.866250e-03  2.930117e+02
 1.868750e-03  2.929735e+02
 1.871250e-03  2.930115e+02
 1.873750e-03  2.929737e+02
 1.876250e-03  2.930113e+02
 1.878750e-03  2.929738e+02
 1.881250e-03  2.930112e+02
 1.883750e-03  2.929740e+02
 1.886250e-03  2.930110e+02
 1.888750e-03  2.929742e+02
 1.891250e-03  2.930108e+02
 1.893750e-03  2.929743e+02
 1.896250e-03  2.930107e+02
 1.898750e-03  2.929745e+02
 1.901250e-03  2.930105e+02
 1.903750e-03  2.929747e+02
 1.906250e-03  2.930103e+02
 1.908750e-03  2.929748e+02
 1.911250e-03  2.930102e+02
 1.913750e-03  2.929750e+02
 1.916250e-03  2.930100e+02
 1.918750e-03  2.929752e+02
 1.921250e-03  2.930099e+02
 1.923750e-03  2.929753e+02
 1.926250e-03  2.930097e+02
 1.928750e-03  2.929755e+02
 1.931250e-03  2.930095e+02
 1.933750e-03  2.929756e+02
 1.936250e-03  2.930094e+02
 1.938750e-03  2.929758e+02
 1.941250e-03  2.930092e+02
 1.943750e-03  2.929760e+02
 1.946250e-03  2.930091e+02
 1.948750e-03  2.929762e+02
 1.951250e-03  2.930089e+02
 1.953750e-03  2.929763e+02
 1.956250e-03  2.930087e+02
 1.958750e-03  2.929765e+02
 1.961250e-03  2.930086e+02
 1.963750e-03  2.929766e+02
 1.966250e-03  2.930084e+02
 1.968750e-03  2.929768e+02
 1.971250e-03  2.930082e+02
 1.973750e-03  2.929770e+02
 1.976250e-03  2.930081e+02
 1.978750e-03  2.929771e+02
 1.981250e-03  2.930079e+02
 1.983750e-03  2.929773e+02
 1.986250e-03  2.930078e+02
 1.988750e-03  2.929774e+02
 1.991250e-03  2.930076e+02
 1.993750e-03  2.929776e+02
 1.996250e-03  2.930074e+02
 1.998750e-03  2.929778e+02
 2.001250e-03  2.930073e+02
 2.003750e-03  2.929779e+02
 2.006250e-03  2.930071e+02
 2.008750e-03  2.929781e+02
 2.011250e-03  2.930070e+02
 2.013750e-03  2.929782e+02
 2.016250e-03  2.930068e+02
 2.018750e-03  2.929784e+02
 2.021250e-03  2.930067e+02
 2.023750e-03  2.929785e+02
 2.026250e-03  2.930065e+02
 2.028750e-03  2.929787e+02
 2.031250e-03  2.930063e+02
 2.033750e-03  2.929789e+02
 2.036250e-03  2.930062e+02
 2.038750e-03  2.929790e+02
 2.041250e-03  2.930060e+02
 2.043750e-03  2.929792e+02
 2.046250e-03  2.930059e+02
 2.048750e-03  2.929793e+02
 2.051250e-03  2.930057e+02
 2.053750e-03  2.929795e+02
 2.056250e-03  2.930056e+02
 2.058750e-03  2.929796e+02
 2.061250e-03  2.930054e+02
 2.063750e-03  2.929798e+02
 2.066250e-03  2.930053e+02
 2.068750e-03  2.929799e+02
 2.071250e-03  2.930051e+02
 2.073750e-03  2.929801e+02
 2.076250e-03  2.930049e+02
 2.078750e-03  2.929802e+02
 2.081250e-03  2.930048e+02
 2.083750e-03  2.929804e+02
 2.086250e-03  2.930046e+02
 2.088750e-03  2.929805e+02
 2.091250e-03  2.930045e+02
 2.093750e-03  2.929807e+02
 2.096250e-03  2.930043e+02
 2.098750e-03  2.929808e+02
 2.101250e-03  2.930042e+02
 2.103750e-03  2.929810e+02
 2.106250e-03  2.930040e+02
 2.108750e-03  2.929811e+02
 2.111250e-03  2.930039e+02
 2.113750e-03  2.929813e+02
 2.116250e-03  2.930037e+02
 2.118750e-03  2.929814e+02
 2.121250e-03  2.930036e+02
 2.123750e-03  2.929816e+02
 2.126250e-03  2.930034e+02
 2.128750e-03  2.929817e+02
 2.131250e-03  2.930033e+02
 2.133750e-03  2.929819e+02
 2.136250e-03  2.930031e+02
 2.138750e-03  2.929820e+02
 2.141250e-03  2.930030e+02
 2.143750e-03  2.929822e+02
 2.146250e-03  2.930028e+02
 2.148750e-03  2.929823e+02
 2.151250e-03  2.930027e+02
 2.153750e-03  2.929825e+02
 2.156250e-03  2.930025e+02
 2.158750e-03  2.929826e+02
 2.161250e-03  2.930023e+02
 2.163750e-03  2.929828e+02
 2.166250e-03  2.930022e+02
 2.168750e-03  2.929829e+02
 2.171250e-03  2.930020e+02
 2.173750e-03  2.929831e+02
 2.176250e-03  2.930019e+02
 2.178750e-03  2.929832e+02
 2.181250e-03  2.930017e+02
 2.183750e-03  2.929833e+02
 2.186250e-03  2.930016e+02
 2.188750e-03  2.929835e+02
 2.191250e-03  2.930014e+02
 2.193750e-03  2.929836e+02
 2.196250e-03  2.930013e+02
 2.198750e-03  2.929838e+02
 2.201250e-03  2.930011e+02
 2.203750e-03  2.929839e+02
 2.206250e-03  2.930010e+02
 2.208750e-03  2.929841e+02
 2.211250e-03  2.930008e+02
 2.213750e-03  2.929842e+02
 2.216250e-03  2.930007e+02
 2.218750e-03  2.929844e+02
 2.221250e-03  2.930005e+02
 2.223750e-03  2.929845e+02
 2.226250e-03  2.930004e+02
 2.228750e-03  2.929846e+02
 2.231250e-03  2.930002e+02
 2.233750e-03  2.929848e+02
 2.236250e-03  2.930001e+02
 2.238750e-03  2.929850e+02
 2.241250e-03  2.929999e+02
 2.243750e-03  2.929851e+02
 2.246250e-03  2.929998e+02
 2.248750e-03  2.929852e+02
 2.251250e-03  2.929996e+02
 2.253750e-03  2.929854e+02
 2.256250e-03  2.929995e+02
 2.258750e-03  2.929855e+02
 2.261250e-03  2.929994e+02
 2.263750e-03  2.929857e+02
 2.266250e-03  2.929992e+02
 2.268750e-03  2.929858e+02
 2.271250e-03  2.929991e+02
 2.273750e-03  2.929860e+02
 2.276250e-03  2.929989e+02
 2.278750e-03  2.929861e+02
 2.281250e-03  2.929988e+02
 2.283750e-03  2.929863e+02
 2.286250e-03  2.929986e+02
 2.288750e-03  2.929864e+02
 2.291250e-03  2.929985e+02
 2.293750e-03  2.929865e+02
 2.296250e-03  2.929983e+02
 2.298750e-03  2.929867e+02
 2.301250e-03  2.929982e+02
 2.303750e-03  2.929868e+02
 2.306250e-03  2.929980e+02
 2.308750e-03  2.929870e+02
 2.311250e-03  2.929979e+02
 2.313750e-03  2.929872e+02
 2.316250e-03  2.929978e+02
 2.318750e-03  2.929873e+02
 2.321250e-03  2.929976e+02
 2.323750e-03  2.929874e+02
 2.326250e-03  2.929975e+02
 2.328750e-03  2.929876e+02
 2.331250e-03  2.929973e+02
 2.333750e-03  2.929877e+02
 2.336250e-03  2.929972e+02
 2.338750e-03  2.929879e+02
 2.341250e-03  2.929970e+02
 2.343750e-03  2.929880e+02
 2.346250e-03  2.929969e+02
 2.348750e-03  2.929882e+02
 2.351250e-03  2.929968e+02
 2.353750e-03  2.929883e+02
 2.356250e-03  2.929966e+02
 2.358750e-03  2.929885e+02
 2.361250e-03  2.929965e+02
 2.363750e-03  2.929886e+02
 2.366250e-03  2.929963e+02
 2.368750e-03  2.929887e+02
 2.371250e-03  2.929962e+02
 2.373750e-03  2.929889e+02
 2.376250e-03  2.929961e+02
 2.378750e-03  2.929890e+02
 2.381250e-03  2.929959e+02
 2.383750e-03  2.929892e+02
 2.386250e-03  2.929958e+02
 2.388750e-03  2.929893e+02
 2.391250e-03  2.929956e+02
 2.393750e-03  2.929895e+02
 2.396250e-03  2.929955e+02
 2.398750e-03  2.929896e+02
 2.401250e-03  2.929954e+02
 2.403750e-03  2.929898e+02
 2.406250e-03  2.929952e+02
 2.408750e-03  2.929899e+02
 2.411250e-03  2.929951e+02
 2.413750e-03  2.929901e+02
 2.416250e-03  2.929949e+02
 2.418750e-03  2.929902e+02
 2.421250e-03  2.929948e+02
 2.423750e-03  2.929904e+02
 2.426250e-03  2.929946e+02
 2.428750e-03  2.929905e+02
 2.431250e-03  2.929945e+02
 2.433750e-03  2.929906e+02
 2.436250e-03  2.929944e+02
 2.438750e-03  2.929908e+02
 2.441250e-03  2.929942e+02
 2.443750e-03  2.929909e+02
 2.446250e-03  2.929941e+02
 2.448750e-03  2.929911e+02
 2.451250e-03  2.929939e+02
 2.453750e-03  2.929912e+02
 2.456250e-03  2.929938e+02
 2.458750e-03  2.929914e+02
 2.461250e-03  2.929937e+02
 2.463750e-03  2.929915e+02
 2.466250e-03  2.929935e+02
 2.468750e-03  2.929916e+02
 2.471250e-03  2.929934e+02
 2.473750e-03  2.929918e+02
 2.476250e-03  2.929932e+02
 2.478750e-03  2.929919e+02
 2.481250e-03  2.929931e+02
 2.483750e-03  2.929921e+02
 2.486250e-03  2.929930e+02
 2.488750e-03  2.929922e+02
 2.491250e-03  2.929928e+02
 2.493750e-03  2.929924e+02
 2.496250e-03  2.929926e+02
 2.498750e-03  2.929925e+02
