# x(m) T(K)
 0.000000e+00  3.286824e+02
 1.953125e-05  3.286922e+02
 3.906250e-05  3.287119e+02
 5.859375e-05  3.287411e+02
 7.812500e-05  3.287797e+02
 9.765625e-05  3.288272e+02
 1.171875e-04  3.288834e+02
 1.367188e-04  3.289477e+02
 1.562500e-04  3.290197e+02
 1.757813e-04  3.290986e+02
 1.953125e-04  3.291841e+02
 2.148437e-04  3.292754e+02
 2.343750e-04  3.293718e+02
 2.539062e-04  3.294727e+02
 2.734375e-04  3.295776e+02
 2.929688e-04  3.296857e+02
 3.125000e-04  3.297965e+02
 3.320313e-04  3.299094e+02
 3.515625e-04  3.300237e+02
 3.710937e-04  3.301388e+02
 3.906250e-04  3.302547e+02
 4.101562e-04  3.303707e+02
 4.296875e-04  3.304864e+02
 4.492188e-04  3.306015e+02
 4.687500e-04  3.307158e+02
 4.882812e-04  3.308288e+02
 5.078125e-04  3.309407e+02
 5.273438e-04  3.310514e+02
 5.468750e-04  3.311606e+02
 5.664062e-04  3.312682e+02
 5.859375e-04  3.313742e+02
 6.054688e-04  3.314789e+02
 6.250000e-04  3.315819e+02
 6.445313e-04  3.316835e+02
 6.640625e-04  3.317837e+02
 6.835937e-04  3.318828e+02
 7.031250e-04  3.319805e+02
 7.226563e-04  3.320774e+02
 7.421875e-04  3.321732e+02
 7.617187e-04  3.322681e+02
 7.812500e-04  3.323624e+02
 8.007812e-04  3.324558e+02
 8.203125e-04  3.325490e+02
 8.398438e-04  3.326417e+02
 8.593750e-04  3.327339e+02
 8.789062e-04  3.328259e+02
 8.984375e-04  3.329177e+02
 9.179687e-04  3.330094e+02
 9.375000e-04  3.331010e+02
 9.570313e-04  3.331929e+02
 9.765625e-04  3.332848e+02
 9.960937e-04  3.333768e+02
 1.015625e-03  3.334689e+02
 1.035156e-03  3.335612e+02
 1.054688e-03  3.336539e+02
 1.074219e-03  3.337468e+02
 1.093750e-03  3.338401e+02
 1.113281e-03  3.339337e+02
 1.132812e-03  3.340275e+02
 1.152344e-03  3.341218e+02
 1.171875e-03  3.342164e+02
 1.191406e-03  3.343114e+02
 1.210938e-03  3.344068e+02
 1.230469e-03  3.345027e+02
 1.250000e-03  3.345989e+02
 1.269531e-03  3.346956e+02
 1.289063e-03  3.347927e+02
 1.308594e-03  3.348904e+02
 1.328125e-03  3.349884e+02
 1.347656e-03  3.350869e+02
 1.367187e-03  3.351859e+02
 1.386719e-03  3.352851e+02
 1.406250e-03  3.353850e+02
 1.425781e-03  3.354852e+02
 1.445313e-03  3.355862e+02
 1.464844e-03  3.356874e+02
 1.484375e-03  3.357892e+02
 1.503906e-03  3.358914e+02
 1.523437e-03  3.359942e+02
 1.542969e-03  3.360975e+02
 1.562500e-03  3.362013e+02
 1.582031e-03  3.363055e+02
 1.601562e-03  3.364103e+02
 1.621094e-03  3.365155e+02
 1.640625e-03  3.366213e+02
 1.660156e-03  3.367275e+02
 1.679688e-03  3.368344e+02
 1.699219e-03  3.369416e+02
 1.718750e-03  3.370495e+02
 1.738281e-03  3.371579e+02
 1.757812e-03  3.372668e+02
 1.777344e-03  3.373763e+02
 1.796875e-03  3.374861e+02
 1.816406e-03  3.375967e+02
 1.835937e-03  3.377078e+02
 1.855469e-03  3.378195e+02
 1.875000e-03  3.379318e+02
 1.894531e-03  3.380444e+02
 1.914063e-03  3.381578e+02
 1.933594e-03  3.382717e+02
 1.953125e-03  3.383862e+02
 1.972656e-03  3.385012e+02
 1.992187e-03  3.386169e+02
 2.011719e-03  3.387332e+02
 2.031250e-03  3.388500e+02
 2.050781e-03  3.389673e+02
 2.070312e-03  3.390853e+02
 2.089844e-03  3.392041e+02
 2.109375e-03  3.393233e+02
 2.128906e-03  3.394431e+02
 2.148438e-03  3.395636e+02
 2.167969e-03  3.396847e+02
 2.187500e-03  3.398064e+02
 2.207031e-03  3.399287e+02
 2.226562e-03  3.400519e+02
 2.246094e-03  3.401755e+02
 2.265625e-03  3.402998e+02
 2.285156e-03  3.404249e+02
 2.304687e-03  3.405505e+02
 2.324219e-03  3.406767e+02
 2.343750e-03  3.408037e+02
 2.363281e-03  3.409314e+02
 2.382813e-03  3.410597e+02
 2.402344e-03  3.411888e+02
 2.421875e-03  3.413185e+02
 2.441406e-03  3.414489e+02
 2.460937e-03  3.415801e+02
 2.480469e-03  3.417120e+02
 2.500000e-03  3.418445e+02
 2.519531e-03  3.419778e+02
 2.539062e-03  3.421117e+02
 2.558594e-03  3.422466e+02
 2.578125e-03  3.423819e+02
 2.597656e-03  3.425182e+02
 2.617188e-03  3.426552e+02
 2.636719e-03  3.427928e+02
 2.656250e-03  3.429313e+02
 2.675781e-03  3.430706e+02
 2.695312e-03  3.432108e+02
 2.714844e-03  3.433516e+02
 2.734375e-03  3.434933e+02
 2.753906e-03  3.436356e+02
 2.773437e-03  3.437791e+02
 2.792969e-03  3.439231e+02
 2.812500e-03  3.440680e+02
 2.832031e-03  3.442137e+02
 2.851563e-03  3.443604e+02
 2.871094e-03  3.445078e+02
 2.890625e-03  3.446559e+02
 2.910156e-03  3.448050e+02
 2.929688e-03  3.449549e+02
 2.949219e-03  3.451058e+02
 2.968750e-03  3.452575e+02
 2.988281e-03  3.454100e+02
 3.007812e-03  3.455636e+02
 3.027344e-03  3.457179e+02
 3.046875e-03  3.458732e+02
 3.066406e-03  3.460294e+02
 3.085938e-03  3.461865e+02
 3.105469e-03  3.463445e+02
 3.125000e-03  3.465036e+02
 3.144531e-03  3.466635e+02
 3.164063e-03  3.468245e+02
 3.183594e-03  3.469864e+02
 3.203125e-03  3.471493e+02
 3.222656e-03  3.473131e+02
 3.242187e-03  3.474781e+02
 3.261719e-03  3.476437e+02
 3.281250e-03  3.478107e+02
 3.300781e-03  3.479785e+02
 3.320313e-03  3.481475e+02
 3.339844e-03  3.483175e+02
 3.359375e-03  3.484884e+02
 3.378906e-03  3.486604e+02
 3.398438e-03  3.488336e+02
 3.417969e-03  3.490079e+02
 3.437500e-03  3.491831e+02
 3.457031e-03  3.493594e+02
 3.476562e-03  3.495370e+02
 3.496094e-03  3.497157e+02
 3.515625e-03  3.498954e+02
 3.535156e-03  3.500762e+02
 3.554688e-03  3.502584e+02
 3.574219e-03  3.504415e+02
 3.593750e-03  3.506260e+02
 3.613281e-03  3.508116e+02
 3.632813e-03  3.509985e+02
 3.652344e-03  3.511865e+02
 3.671875e-03  3.513758e+02
 3.691406e-03  3.515662e+02
 3.710937e-03  3.517579e+02
 3.730469e-03  3.519509e+02
 3.750000e-03  3.521452e+02
 3.769531e-03  3.523406e+02
 3.789063e-03  3.525375e+02
 3.808594e-03  3.527355e+02
 3.828125e-03  3.529351e+02
 3.847656e-03  3.531358e+02
 3.867188e-03  3.533380e+02
 3.886719e-03  3.535414e+02
 3.906250e-03  3.537463e+02
 3.925781e-03  3.539525e+02
 3.945312e-03  3.541603e+02
 3.964844e-03  3.543694e+02
 3.984375e-03  3.545799e+02
 4.003906e-03  3.547918e+02
 4.023437e-03  3.550053e+02
 4.042969e-03  3.552202e+02
 4.062500e-03  3.554367e+02
 4.082031e-03  3.556546e+02
 4.101562e-03  3.558743e+02
 4.121094e-03  3.560953e+02
 4.140625e-03  3.563177e+02
 4.160156e-03  3.565417e+02
 4.179688e-03  3.567676e+02
 4.199219e-03  3.569948e+02
 4.218750e-03  3.572239e+02
 4.238281e-03  3.574545e+02
 4.257813e-03  3.576869e+02
 4.277344e-03  3.579207e+02
 4.296875e-03  3.581564e+02
 4.316406e-03  3.583938e+02
 4.335938e-03  3.586329e+02
 4.355469e-03  3.588738e+02
 4.375000e-03  3.591165e+02
 4.394531e-03  3.593609e+02
 4.414062e-03  3.596072e+02
 4.433594e-03  3.598553e+02
 4.453125e-03  3.601053e+02
 4.472656e-03  3.603570e+02
 4.492187e-03  3.606107e+02
 4.511719e-03  3.608663e+02
 4.531250e-03  3.611241e+02
 4.550781e-03  3.613832e+02
 4.570312e-03  3.616450e+02
 4.589844e-03  3.619086e+02
 4.609375e-03  3.621743e+02
 4.628906e-03  3.624417e+02
 4.648438e-03  3.627116e+02
 4.667969e-03  3.629832e+02
 4.687500e-03  3.632572e+02
 4.707031e-03  3.635332e+02
 4.726563e-03  3.638116e+02
 4.746094e-03  3.640919e+02
 4.765625e-03  3.643746e+02
 4.785156e-03  3.646595e+02
 4.804688e-03  3.649467e+02
 4.824219e-03  3.652361e+02
 4.843750e-03  3.655281e+02
 4.863281e-03  3.658223e+02
 4.882812e-03  3.661191e+02
 4.902344e-03  3.664181e+02
 4.921875e-03  3.667198e+02
 4.941406e-03  3.670236e+02
 4.960937e-03  3.673303e+02
 4.980469e-03  3.676393e+02
 5.000000e-03  3.679511e+02
 5.019531e-03  3.682651e+02
 5.039062e-03  3.685823e+02
 5.058594e-03  3.689019e+02
 5.078125e-03  3.692243e+02
 5.097656e-03  3.695492e+02
 5.117187e-03  3.698772e+02
 5.136719e-03  3.702077e+02
 5.156250e-03  3.705413e+02
 5.175781e-03  3.708777e+02
 5.195313e-03  3.712172e+02
 5.214844e-03  3.715594e+02
 5.234375e-03  3.719050e+02
 5.253906e-03  3.722531e+02
 5.273438e-03  3.726048e+02
 5.292969e-03  3.729593e+02
 5.312500e-03  3.733172e+02
 5.332031e-03  3.736780e+02
 5.351563e-03  3.740424e+02
 5.371094e-03  3.744099e+02
 5.390625e-03  3.747808e+02
 5.410156e-03  3.751549e+02
 5.429687e-03  3.755329e+02
 5.449219e-03  3.759141e+02
 5.468750e-03  3.762990e+02
 5.488281e-03  3.766871e+02
 5.507812e-03  3.770793e+02
 5.527344e-03  3.774749e+02
 5.546875e-03  3.778745e+02
 5.566406e-03  3.782775e+02
 5.585937e-03  3.786848e+02
 5.605469e-03  3.790955e+02
 5.625000e-03  3.795107e+02
 5.644531e-03  3.799294e+02
 5.664063e-03  3.803526e+02
 5.683594e-03  3.807797e+02
 5.703125e-03  3.812112e+02
 5.722656e-03  3.816467e+02
 5.742188e-03  3.820869e+02
 5.761719e-03  3.825307e+02
 5.781250e-03  3.829798e+02
 5.800781e-03  3.834330e+02
 5.820313e-03  3.838911e+02
 5.839844e-03  3.843536e+02
 5.859375e-03  3.848209e+02
 5.878906e-03  3.852928e+02
 5.898437e-03  3.857701e+02
 5.917969e-03  3.862518e+02
 5.937500e-03  3.867390e+02
 5.957031e-03  3.872309e+02
 5.976562e-03  3.877285e+02
 5.996094e-03  3.882308e+02
 6.015625e-03  3.887390e+02
 6.035156e-03  3.892521e+02
 6.054687e-03  3.897714e+02
 6.074219e-03  3.902957e+02
 6.093750e-03  3.908262e+02
 6.113281e-03  3.913620e+02
 6.132813e-03  3.919042e+02
 6.152344e-03  3.924520e+02
 6.171875e-03  3.930063e+02
 6.191406e-03  3.935663e+02
 6.210938e-03  3.941331e+02
 6.230469e-03  3.947059e+02
 6.250000e-03  3.952858e+02
 6.269531e-03  3.958716e+02
 6.289063e-03  3.964648e+02
 6.308594e-03  3.970644e+02
 6.328125e-03  3.976716e+02
 6.347656e-03  3.982851e+02
 6.367187e-03  3.989066e+02
 6.386719e-03  3.995347e+02
 6.406250e-03  4.001711e+02
 6.425781e-03  4.008145e+02
 6.445312e-03  4.014664e+02
 6.464844e-03  4.021255e+02
 6.484375e-03  4.027934e+02
 6.503906e-03  4.034687e+02
 6.523437e-03  4.041532e+02
 6.542969e-03  4.048454e+02
 6.562500e-03  4.055471e+02
 6.582031e-03  4.062568e+02
 6.601563e-03  4.069764e+02
 6.621094e-03  4.077044e+02
 6.640625e-03  4.084425e+02
 6.660156e-03  4.091893e+02
 6.679688e-03  4.099467e+02
 6.699219e-03  4.107131e+02
 6.718750e-03  4.114907e+02
 6.738281e-03  4.122776e+02
 6.757813e-03  4.130761e+02
 6.777344e-03  4.138842e+02
 6.796875e-03  4.147043e+02
 6.816406e-03  4.155345e+02
 6.835938e-03  4.163773e+02
 6.855469e-03  4.172307e+02
 6.875000e-03  4.180971e+02
 6.894531e-03  4.189744e+02
 6.914062e-03  4.198653e+02
 6.933594e-03  4.207680e+02
 6.953125e-03  4.216844e+02
 6.972656e-03  4.226130e+02
 6.992187e-03  4.235564e+02
 7.011719e-03  4.245123e+02
 7.031250e-03  4.254838e+02
 7.050781e-03  4.264681e+02
 7.070312e-03  4.274686e+02
 7.089844e-03  4.284829e+02
 7.109375e-03  4.295141e+02
 7.128906e-03  4.305597e+02
 7.148438e-03  4.316228e+02
 7.167969e-03  4.327010e+02
 7.187500e-03  4.337976e+02
 7.207031e-03  4.349100e+02
 7.226563e-03  4.360417e+02
 7.246094e-03  4.371902e+02
 7.265625e-03  4.383588e+02
 7.285156e-03  4.395447e+02
 7.304688e-03  4.407519e+02
 7.324219e-03  4.419772e+02
 7.343750e-03  4.432250e+02
 7.363281e-03  4.444919e+02
 7.382812e-03  4.457824e+02
 7.402344e-03  4.470931e+02
 7.421875e-03  4.484284e+02
 7.441406e-03  4.497849e+02
 7.460937e-03  4.511676e+02
 7.480469e-03  4.525726e+02
 7.500000e-03  4.540052e+02
 7.519531e-03  4.554613e+02
 7.539062e-03  4.569464e+02
 7.558594e-03  4.584567e+02
 7.578125e-03  4.599973e+02
 7.597656e-03  4.615645e+02
 7.617188e-03  4.631638e+02
 7.636719e-03  4.647912e+02
 7.656250e-03  4.664527e+02
 7.675781e-03  4.681441e+02
 7.695313e-03  4.698716e+02
 7.714844e-03  4.716305e+02
 7.734375e-03  4.734279e+02
 7.753906e-03  4.752585e+02
 7.773438e-03  4.771301e+02
 7.792969e-03  4.790371e+02
 7.812500e-03  4.809876e+02
 7.832032e-03  4.829758e+02
 7.851562e-03  4.850103e+02
 7.871094e-03  4.870847e+02
 7.890625e-03  4.892086e+02
 7.910157e-03  4.913753e+02
 7.929687e-03  4.935945e+02
 7.949219e-03  4.958596e+02
 7.968750e-03  4.981808e+02
 7.988282e-03  5.005513e+02
 8.007812e-03  5.029818e+02
 8.027344e-03  5.054656e+02
 8.046875e-03  5.080136e+02
 8.066406e-03  5.106184e+02
 8.085937e-03  5.132925e+02
 8.105469e-03  5.160280e+02
 8.125000e-03  5.188376e+02
 8.144531e-03  5.217131e+02
 8.164062e-03  5.246688e+02
 8.183594e-03  5.276957e+02
 8.203125e-03  5.308089e+02
 8.222656e-03  5.339993e+02
 8.242187e-03  5.372831e+02
 8.261719e-03  5.406508e+02
 8.281250e-03  5.441198e+02
 8.300781e-03  5.476802e+02
 8.320313e-03  5.513508e+02
 8.339844e-03  5.551212e+02
 8.359375e-03  5.590118e+02
 8.378906e-03  5.630110e+02
 8.398438e-03  5.671415e+02
 8.417969e-03  5.713909e+02
 8.437500e-03  5.757839e+02
 8.457031e-03  5.803073e+02
 8.476563e-03  5.849883e+02
 8.496094e-03  5.898130e+02
 8.515625e-03  5.948115e+02
 8.535156e-03  5.999686e+02
 8.554688e-03  6.053184e+02
 8.574218e-03  6.108447e+02
 8.593750e-03  6.165847e+02
 8.613281e-03  6.225219e+02
 8.632813e-03  6.286971e+02
 8.652343e-03  6.350927e+02
 8.671875e-03  6.417542e+02
 8.691406e-03  6.486628e+02
 8.710938e-03  6.558695e+02
 8.730468e-03  6.633547e+02
 8.750000e-03  6.711755e+02
 8.769531e-03  6.793116e+02
 8.789062e-03  6.878286e+02
 8.808594e-03  6.967050e+02
 8.828125e-03  7.060160e+02
 8.847657e-03  7.157401e+02
 8.867187e-03  7.259636e+02
 8.886719e-03  7.366648e+02
 8.906250e-03  7.479437e+02
 8.925782e-03  7.597783e+02
 8.945312e-03  7.722848e+02
 8.964844e-03  7.854423e+02
 8.984375e-03  7.993870e+02
 9.003907e-03  8.141005e+02
 9.023437e-03  8.297445e+02
 9.042969e-03  8.463052e+02
 9.062500e-03  8.639792e+02
 9.082031e-03  8.827606e+02
 9.101562e-03  9.028906e+02
 9.121094e-03  9.243767e+02
 9.140625e-03  9.475201e+02
 9.160156e-03  9.723492e+02
 9.179687e-03  9.992474e+02
 9.199219e-03  1.028277e+03
 9.218750e-03  1.059937e+03
 9.238281e-03  1.094344e+03
 9.257812e-03  1.132164e+03
 9.277344e-03  1.173611e+03
 9.296875e-03  1.219603e+03
 9.316406e-03  1.270529e+03
 9.335938e-03  1.327719e+03
 9.355469e-03  1.391900e+03
 9.375000e-03  1.465129e+03
 9.394531e-03  1.548831e+03
 9.414063e-03  1.646484e+03
 9.433594e-03  1.761173e+03
 9.453125e-03  1.899851e+03
 9.472656e-03  2.071368e+03
 9.492188e-03  2.297527e+03
 9.511719e-03  2.615948e+03
 9.531250e-03  3.045185e+03
 9.550781e-03  3.446018e+03
 9.570313e-03  3.728931e+03
 9.589843e-03  3.877378e+03
 9.609375e-03  3.854422e+03
 9.628906e-03  3.588980e+03
 9.648438e-03  2.212548e+03
 9.667968e-03  8.381061e+02
 9.687500e-03  3.955234e+02
 9.707031e-03  3.054316e+02
 9.726563e-03  2.945102e+02
 9.746093e-03  2.927531e+02
 9.765625e-03  2.932333e+02
 9.785157e-03  2.928106e+02
 9.804687e-03  2.931396e+02
 9.824219e-03  2.928791e+02
 9.843750e-03  2.930865e+02
 9.863282e-03  2.929214e+02
 9.882812e-03  2.930523e+02
 9.902344e-03  2.929500e+02
 9.921875e-03  2.930279e+02
 9.941407e-03  2.929717e+02
 9.960937e-03  2.930080e+02
 9.980469e-03  2.929901e+02
