# y(m) T(K)
 0.000000e+00  2.929945e+02
 1.953125e-05  2.929946e+02
 3.906250e-05  2.929945e+02
 5.859375e-05  2.929948e+02
 7.812500e-05  2.929945e+02
 9.765625e-05  2.929948e+02
 1.171875e-04  2.929944e+02
 1.367188e-04  2.929949e+02
 1.562500e-04  2.929943e+02
 1.757813e-04  2.929949e+02
 1.953125e-04  2.929942e+02
 2.148437e-04  2.929949e+02
 2.343750e-04  2.929940e+02
 2.539062e-04  2.929951e+02
 2.734375e-04  2.929941e+02
 2.929688e-04  2.929952e+02
 3.125000e-04  2.929940e+02
 3.320313e-04  2.929954e+02
 3.515625e-04  2.929939e+02
 3.710937e-04  2.929954e+02
 3.906250e-04  2.929938e+02
 4.101562e-04  2.929955e+02
 4.296875e-04  2.929938e+02
 4.492188e-04  2.929956e+02
 4.687500e-04  2.929937e+02
 4.882812e-04  2.929958e+02
 5.078125e-04  2.929936e+02
 5.273438e-04  2.929958e+02
 5.468750e-04  2.929934e+02
 5.664062e-04  2.929959e+02
 5.859375e-04  2.929933e+02
 6.054688e-04  2.929960e+02
 6.250000e-04  2.929931e+02
 6.445313e-04  2.929962e+02
 6.640625e-04  2.929931e+02
 6.835937e-04  2.929962e+02
 7.031250e-04  2.929929e+02
 7.226563e-04  2.929964e+02
 7.421875e-04  2.929928e+02
 7.617187e-04  2.929964e+02
 7.812500e-04  2.929926e+02
 8.007812e-04  2.929966e+02
 8.203125e-04  2.929926e+02
 8.398438e-04  2.929967e+02
 8.593750e-04  2.929923e+02
 8.789062e-04  2.929969e+02
 8.984375e-04  2.929922e+02
 9.179687e-04  2.929969e+02
 9.375000e-04  2.929920e+02
 9.570313e-04  2.929973e+02
 9.765625e-04  2.929919e+02
 9.960937e-04  2.929975e+02
 1.015625e-03  2.929917e+02
 1.035156e-03  2.929977e+02
 1.054688e-03  2.929915e+02
 1.074219e-03  2.929978e+02
 1.093750e-03  2.929912e+02
 1.113281e-03  2.929980e+02
 1.132812e-03  2.929909e+02
 1.152344e-03  2.929983e+02
 1.171875e-03  2.929907e+02
 1.191406e-03  2.929987e+02
 1.210938e-03  2.929904e+02
 1.230469e-03  2.929990e+02
 1.250000e-03  2.929901e+02
 1.269531e-03  2.929993e+02
 1.289063e-03  2.929898e+02
 1.308594e-03  2.929996e+02
 1.328125e-03  2.929894e+02
 1.347656e-03  2.930001e+02
 1.367187e-03  2.929890e+02
 1.386719e-03  2.930005e+02
 1.406250e-03  2.929886e+02
 1.425781e-03  2.930011e+02
 1.445313e-03  2.929881e+02
 1.464844e-03  2.930016e+02
 1.484375e-03  2.929874e+02
 1.503906e-03  2.930022e+02
 1.523437e-03  2.929868e+02
 1.542969e-03  2.930028e+02
 1.562500e-03  2.929861e+02
 1.582031e-03  2.930036e+02
 1.601562e-03  2.929853e+02
 1.621094e-03  2.930045e+02
 1.640625e-03  2.929844e+02
 1.660156e-03  2.930055e+02
 1.679688e-03  2.929834e+02
 1.699219e-03  2.930067e+02
 1.718750e-03  2.929821e+02
 1.738281e-03  2.930078e+02
 1.757812e-03  2.929806e+02
 1.777344e-03  2.930092e+02
 1.796875e-03  2.929788e+02
 1.816406e-03  2.930110e+02
 1.835937e-03  2.929769e+02
 1.855469e-03  2.930131e+02
 1.875000e-03  2.929745e+02
 1.894531e-03  2.930157e+02
 1.914063e-03  2.929718e+02
 1.933594e-03  2.930188e+02
 1.953125e-03  2.929684e+02
 1.972656e-03  2.930226e+02
 1.992187e-03  2.929644e+02
 2.011719e-03  2.930274e+02
 2.031250e-03  2.929592e+02
 2.050781e-03  2.930334e+02
 2.070312e-03  2.929525e+02
 2.089844e-03  2.930411e+02
 2.109375e-03  2.929438e+02
 2.128906e-03  2.930511e+02
 2.148438e-03  2.929322e+02
 2.167969e-03  2.930647e+02
 2.187500e-03  2.929162e+02
 2.207031e-03  2.930836e+02
 2.226562e-03  2.928937e+02
 2.246094e-03  2.931106e+02
 2.265625e-03  2.928613e+02
 2.285156e-03  2.931537e+02
 2.304687e-03  2.928333e+02
 2.324219e-03  2.933480e+02
 2.343750e-03  2.936407e+02
 2.363281e-03  2.987383e+02
 2.382813e-03  3.240068e+02
 2.402344e-03  4.502653e+02
 2.421875e-03  9.424262e+02
 2.441406e-03  2.219293e+03
 2.460937e-03  3.472710e+03
 2.480469e-03  3.786968e+03
 2.500000e-03  3.877378e+03
 2.519531e-03  3.786968e+03
 2.539062e-03  3.472710e+03
 2.558594e-03  2.219292e+03
 2.578125e-03  9.424210e+02
 2.597656e-03  4.502631e+02
 2.617188e-03  3.240064e+02
 2.636719e-03  2.987382e+02
 2.656250e-03  2.936406e+02
 2.675781e-03  2.933479e+02
 2.695312e-03  2.928333e+02
 2.714844e-03  2.931537e+02
 2.734375e-03  2.928612e+02
 2.753906e-03  2.931108e+02
 2.773437e-03  2.928937e+02
 2.792969e-03  2.930836e+02
 2.812500e-03  2.929163e+02
 2.832031e-03  2.930648e+02
 2.851563e-03  2.929322e+02
 2.871094e-03  2.930511e+02
 2.890625e-03  2.929438e+02
 2.910156e-03  2.930410e+02
 2.929688e-03  2.929525e+02
 2.949219e-03  2.930334e+02
 2.968750e-03  2.929592e+02
 2.988281e-03  2.930274e+02
 3.007812e-03  2.929644e+02
 3.027344e-03  2.930226e+02
 3.046875e-03  2.929684e+02
 3.066406e-03  2.930187e+02
 3.085938e-03  2.929718e+02
 3.105469e-03  2.930157e+02
 3.125000e-03  2.929745e+02
 3.144531e-03  2.930132e+02
 3.164063e-03  2.929770e+02
 3.183594e-03  2.930111e+02
 3.203125e-03  2.929789e+02
 3.222656e-03  2.930093e+02
 3.242187e-03  2.929807e+02
 3.261719e-03  2.930079e+02
 3.281250e-03  2.929821e+02
 3.300781e-03  2.930067e+02
 3.320313e-03  2.929835e+02
 3.339844e-03  2.930055e+02
 3.359375e-03  2.929844e+02
 3.378906e-03  2.930045e+02
 3.398438e-03  2.929853e+02
 3.417969e-03  2.930035e+02
 3.437500e-03  2.929861e+02
 3.457031e-03  2.930028e+02
 3.476562e-03  2.929869e+02
 3.496094e-03  2.930022e+02
 3.515625e-03  2.929875e+02
 3.535156e-03  2.930016e+02
 3.554688e-03  2.929881e+02
 3.574219e-03  2.930010e+02
 3.593750e-03  2.929886e+02
 3.613281e-03  2.930005e+02
 3.632813e-03  2.929890e+02
 3.652344e-03  2.930000e+02
 3.671875e-03  2.929894e+02
 3.691406e-03  2.929996e+02
 3.710937e-03  2.929898e+02
 3.730469e-03  2.929993e+02
 3.750000e-03  2.929901e+02
 3.769531e-03  2.929989e+02
 3.789063e-03  2.929904e+02
 3.808594e-03  2.929986e+02
 3.828125e-03  2.929907e+02
 3.847656e-03  2.929983e+02
 3.867188e-03  2.929908e+02
 3.886719e-03  2.929980e+02
 3.906250e-03  2.929912e+02
 3.925781e-03  2.929978e+02
 3.945312e-03  2.929915e+02
 3.964844e-03  2.929976e+02
 3.984375e-03  2.929917e+02
 4.003906e-03  2.929975e+02
 4.023437e-03  2.929919e+02
 4.042969e-03  2.929972e+02
 4.062500e-03  2.929920e+02
 4.082031e-03  2.929971e+02
 4.101562e-03  2.929922e+02
 4.121094e-03  2.929969e+02
 4.140625e-03  2.929923e+02
 4.160156e-03  2.929968e+02
 4.179688e-03  2.929925e+02
 4.199219e-03  2.929966e+02
 4.218750e-03  2.929927e+02
 4.238281e-03  2.929964e+02
 4.257813e-03  2.929928e+02
 4.277344e-03  2.929963e+02
 4.296875e-03  2.929929e+02
 4.316406e-03  2.929962e+02
 4.335938e-03  2.929931e+02
 4.355469e-03  2.929961e+02
 4.375000e-03  2.929933e+02
 4.394531e-03  2.929959e+02
 4.414062e-03  2.929934e+02
 4.433594e-03  2.929958e+02
 4.453125e-03  2.929935e+02
 4.472656e-03  2.929958e+02
 4.492187e-03  2.929937e+02
 4.511719e-03  2.929957e+02
 4.531250e-03  2.929937e+02
 4.550781e-03  2.929957e+02
 4.570312e-03  2.929939e+02
 4.589844e-03  2.929955e+02
 4.609375e-03  2.929938e+02
 4.628906e-03  2.929954e+02
 4.648438e-03  2.929940e+02
 4.667969e-03  2.929953e+02
 4.687500e-03  2.929940e+02
 4.707031e-03  2.929953e+02
 4.726563e-03  2.929941e+02
 4.746094e-03  2.929950e+02
 4.765625e-03  2.929941e+02
 4.785156e-03  2.929950e+02
 4.804688e-03  2.929942e+02
 4.824219e-03  2.929949e+02
 4.843750e-03  2.929943e+02
 4.863281e-03  2.929949e+02
 4.882812e-03  2.929944e+02
 4.902344e-03  2.929948e+02
 4.921875e-03  2.929945e+02
 4.941406e-03  2.929947e+02
 4.960937e-03  2.929945e+02
 4.980469e-03  2.929946e+02
