# z(m) T(K)
0.000000e+00 4.756147e+03
1.256281e-05 2.371672e+03
2.512563e-05 1.141458e+03
3.768844e-05 6.110049e+02
5.025126e-05 4.051240e+02
6.281407e-05 3.307607e+02
7.537688e-05 3.052724e+02
8.793970e-05 2.968775e+02
1.005025e-04 2.941974e+02
1.130653e-04 2.933629e+02
1.256281e-04 2.931083e+02
1.381910e-04 2.930319e+02
1.507538e-04 2.930093e+02
1.633166e-04 2.930027e+02
1.758794e-04 2.930008e+02
1.884422e-04 2.930002e+02
2.010050e-04 2.930001e+02
2.135678e-04 2.930000e+02
2.261307e-04 2.930000e+02
2.386935e-04 2.930000e+02
2.512563e-04 2.930000e+02
2.638191e-04 2.930000e+02
2.763819e-04 2.930000e+02
2.889447e-04 2.930000e+02
3.015075e-04 2.930000e+02
3.140704e-04 2.930000e+02
3.266332e-04 2.930000e+02
3.391960e-04 2.930000e+02
3.517588e-04 2.930000e+02
3.643216e-04 2.930000e+02
3.768844e-04 2.930000e+02
3.894472e-04 2.930000e+02
4.020101e-04 2.930000e+02
4.145729e-04 2.930000e+02
4.271357e-04 2.930000e+02
4.396985e-04 2.930000e+02
4.522613e-04 2.930000e+02
4.648241e-04 2.930000e+02
4.773869e-04 2.930000e+02
4.899497e-04 2.930000e+02
5.025126e-04 2.930000e+02
5.150754e-04 2.930000e+02
5.276382e-04 2.930000e+02
5.402010e-04 2.930000e+02
5.527638e-04 2.930000e+02
5.653266e-04 2.930000e+02
5.778894e-04 2.930000e+02
5.904523e-04 2.930000e+02
6.030151e-04 2.930000e+02
6.155779e-04 2.930000e+02
6.281407e-04 2.930000e+02
6.407035e-04 2.930000e+02
6.532663e-04 2.930000e+02
6.658291e-04 2.930000e+02
6.783920e-04 2.930000e+02
6.909548e-04 2.930000e+02
7.035176e-04 2.930000e+02
7.160804e-04 2.930000e+02
7.286432e-04 2.930000e+02
7.412060e-04 2.930000e+02
7.537688e-04 2.930000e+02
7.663317e-04 2.930000e+02
7.788945e-04 2.930000e+02
7.914573e-04 2.930000e+02
8.040201e-04 2.930000e+02
8.165829e-04 2.930000e+02
8.291457e-04 2.930000e+02
8.417085e-04 2.930000e+02
8.542714e-04 2.930000e+02
8.668342e-04 2.930000e+02
8.793970e-04 2.930000e+02
8.919598e-04 2.930000e+02
9.045226e-04 2.930000e+02
9.170854e-04 2.930000e+02
9.296482e-04 2.930000e+02
9.422111e-04 2.930000e+02
9.547739e-04 2.930000e+02
9.673367e-04 2.930000e+02
9.798995e-04 2.930000e+02
9.924623e-04 2.930000e+02
1.005025e-03 2.930000e+02
1.017588e-03 2.930000e+02
1.030151e-03 2.930000e+02
1.042714e-03 2.930000e+02
1.055276e-03 2.930000e+02
1.067839e-03 2.930000e+02
1.080402e-03 2.930000e+02
1.092965e-03 2.930000e+02
1.105528e-03 2.930000e+02
1.118090e-03 2.930000e+02
1.130653e-03 2.930000e+02
1.143216e-03 2.930000e+02
1.155779e-03 2.930000e+02
1.168342e-03 2.930000e+02
1.180905e-03 2.930000e+02
1.193467e-03 2.930000e+02
1.206030e-03 2.930000e+02
1.218593e-03 2.930000e+02
1.231156e-03 2.930000e+02
1.243719e-03 2.930000e+02
1.256281e-03 2.930000e+02
1.268844e-03 2.930000e+02
1.281407e-03 2.930000e+02
1.293970e-03 2.930000e+02
1.306533e-03 2.930000e+02
1.319095e-03 2.930000e+02
1.331658e-03 2.930000e+02
1.344221e-03 2.930000e+02
1.356784e-03 2.930000e+02
1.369347e-03 2.930000e+02
1.381910e-03 2.930000e+02
1.394472e-03 2.930000e+02
1.407035e-03 2.930000e+02
1.419598e-03 2.930000e+02
1.432161e-03 2.930000e+02
1.444724e-03 2.930000e+02
1.457286e-03 2.930000e+02
1.469849e-03 2.930000e+02
1.482412e-03 2.930000e+02
1.494975e-03 2.930000e+02
1.507538e-03 2.930000e+02
1.520101e-03 2.930000e+02
1.532663e-03 2.930000e+02
1.545226e-03 2.930000e+02
1.557789e-03 2.930000e+02
1.570352e-03 2.930000e+02
1.582915e-03 2.930000e+02
1.595477e-03 2.930000e+02
1.608040e-03 2.930000e+02
1.620603e-03 2.930000e+02
1.633166e-03 2.930000e+02
1.645729e-03 2.930000e+02
1.658291e-03 2.930000e+02
1.670854e-03 2.930000e+02
1.683417e-03 2.930000e+02
1.695980e-03 2.930000e+02
1.708543e-03 2.930000e+02
1.721106e-03 2.930000e+02
1.733668e-03 2.930000e+02
1.746231e-03 2.930000e+02
1.758794e-03 2.930000e+02
1.771357e-03 2.930000e+02
1.783920e-03 2.930000e+02
1.796482e-03 2.930000e+02
1.809045e-03 2.930000e+02
1.821608e-03 2.930000e+02
1.834171e-03 2.930000e+02
1.846734e-03 2.930000e+02
1.859296e-03 2.930000e+02
1.871859e-03 2.930000e+02
1.884422e-03 2.930000e+02
1.896985e-03 2.930000e+02
1.909548e-03 2.930000e+02
1.922111e-03 2.930000e+02
1.934673e-03 2.930000e+02
1.947236e-03 2.930000e+02
1.959799e-03 2.930000e+02
1.972362e-03 2.930000e+02
1.984925e-03 2.930000e+02
1.997487e-03 2.930000e+02
2.010050e-03 2.930000e+02
2.022613e-03 2.930000e+02
2.035176e-03 2.930000e+02
2.047739e-03 2.930000e+02
2.060302e-03 2.930000e+02
2.072864e-03 2.930000e+02
2.085427e-03 2.930000e+02
2.097990e-03 2.930000e+02
2.110553e-03 2.930000e+02
2.123116e-03 2.930000e+02
2.135678e-03 2.930000e+02
2.148241e-03 2.930000e+02
2.160804e-03 2.930000e+02
2.173367e-03 2.930000e+02
2.185930e-03 2.930000e+02
2.198492e-03 2.930000e+02
2.211055e-03 2.930000e+02
2.223618e-03 2.930000e+02
2.236181e-03 2.930000e+02
2.248744e-03 2.930000e+02
2.261307e-03 2.930000e+02
2.273869e-03 2.930000e+02
2.286432e-03 2.930000e+02
2.298995e-03 2.930000e+02
2.311558e-03 2.930000e+02
2.324121e-03 2.930000e+02
2.336683e-03 2.930000e+02
2.349246e-03 2.930000e+02
2.361809e-03 2.930000e+02
2.374372e-03 2.930000e+02
2.386935e-03 2.930000e+02
2.399497e-03 2.930000e+02
2.412060e-03 2.930000e+02
2.424623e-03 2.930000e+02
2.437186e-03 2.930000e+02
2.449749e-03 2.930000e+02
2.462312e-03 2.930000e+02
2.474874e-03 2.930000e+02
2.487437e-03 2.930000e+02
2.500000e-03 2.930000e+02
