# z(m) T_xz(K)
 0.000000e+00  2.613995e+03
 2.502502e-06  2.301223e+03
 5.005005e-06  1.935445e+03
 7.507508e-06  1.644791e+03
 1.001001e-05  1.394620e+03
 1.251251e-05  1.190982e+03
 1.501502e-05  1.020427e+03
 1.751752e-05  8.820381e+02
 2.002002e-05  7.677263e+02
 2.252252e-05  6.755353e+02
 2.502503e-05  6.001284e+02
 2.752753e-05  5.396903e+02
 3.003003e-05  4.906357e+02
 3.253253e-05  4.515400e+02
 3.503503e-05  4.200128e+02
 3.753754e-05  3.950072e+02
 4.004004e-05  3.749598e+02
 4.254254e-05  3.591196e+02
 4.504505e-05  3.464940e+02
 4.754755e-05  3.365407e+02
 5.005005e-05  3.286599e+02
 5.255255e-05  3.224468e+02
 5.505505e-05  3.175703e+02
 5.755756e-05  3.137107e+02
 6.006006e-05  3.107207e+02
 6.256256e-05  3.083294e+02
 6.506506e-05  3.065156e+02
 6.756757e-05  3.050331e+02
 7.007007e-05  3.039481e+02
 7.257257e-05  3.030240e+02
 7.507508e-05  3.023882e+02
 7.757758e-05  3.018049e+02
 8.008008e-05  3.014450e+02
 8.258258e-05  3.010682e+02
 8.508508e-05  3.008771e+02
 8.758758e-05  3.006245e+02
 9.009009e-05  3.005367e+02
 9.259259e-05  3.003581e+02
 9.509509e-05  3.003333e+02
 9.759760e-05  3.001985e+02
 1.001001e-04  3.002124e+02
 1.026026e-04  3.001031e+02
 1.051051e-04  3.001408e+02
 1.076076e-04  3.000462e+02
 1.101101e-04  3.000986e+02
 1.126126e-04  3.000121e+02
 1.151151e-04  3.000739e+02
 1.176176e-04  2.999918e+02
 1.201201e-04  3.000595e+02
 1.226226e-04  2.999796e+02
 1.251251e-04  3.000513e+02
 1.276276e-04  2.999722e+02
 1.301301e-04  3.000466e+02
 1.326326e-04  2.999677e+02
 1.351351e-04  3.000440e+02
 1.376376e-04  2.999648e+02
 1.401401e-04  3.000427e+02
 1.426426e-04  2.999630e+02
 1.451451e-04  3.000420e+02
 1.476476e-04  2.999619e+02
 1.501502e-04  3.000418e+02
 1.526526e-04  2.999611e+02
 1.551552e-04  3.000417e+02
 1.576577e-04  2.999605e+02
 1.601602e-04  3.000418e+02
 1.626627e-04  2.999600e+02
 1.651652e-04  3.000420e+02
 1.676677e-04  2.999597e+02
 1.701702e-04  3.000421e+02
 1.726727e-04  2.999594e+02
 1.751752e-04  3.000423e+02
 1.776777e-04  2.999592e+02
 1.801802e-04  3.000425e+02
 1.826827e-04  2.999590e+02
 1.851852e-04  3.000427e+02
 1.876877e-04  2.999587e+02
 1.901902e-04  3.000428e+02
 1.926927e-04  2.999586e+02
 1.951952e-04  3.000430e+02
 1.976977e-04  2.999584e+02
 2.002002e-04  3.000432e+02
 2.027027e-04  2.999583e+02
 2.052052e-04  3.000433e+02
 2.077077e-04  2.999581e+02
 2.102102e-04  3.000434e+02
 2.127127e-04  2.999580e+02
 2.152152e-04  3.000435e+02
 2.177177e-04  2.999579e+02
 2.202202e-04  3.000436e+02
 2.227227e-04  2.999578e+02
 2.252252e-04  3.000437e+02
 2.277277e-04  2.999577e+02
 2.302302e-04  3.000438e+02
 2.327327e-04  2.999576e+02
 2.352352e-04  3.000439e+02
 2.377377e-04  2.999575e+02
 2.402402e-04  3.000440e+02
 2.427427e-04  2.999574e+02
 2.452452e-04  3.000441e+02
 2.477478e-04  2.999573e+02
 2.502502e-04  3.000442e+02
 2.527527e-04  2.999573e+02
 2.552553e-04  3.000443e+02
 2.577578e-04  2.999572e+02
 2.602602e-04  3.000443e+02
 2.627628e-04  2.999572e+02
 2.652653e-04  3.000444e+02
 2.677678e-04  2.999571e+02
 2.702703e-04  3.000444e+02
 2.727728e-04  2.999570e+02
 2.752753e-04  3.000445e+02
 2.777778e-04  2.999570e+02
 2.802803e-04  3.000445e+02
 2.827828e-04  2.999569e+02
 2.852853e-04  3.000446e+02
 2.877878e-04  2.999569e+02
 2.902903e-04  3.000446e+02
 2.927928e-04  2.999568e+02
 2.952953e-04  3.000447e+02
 2.977978e-04  2.999568e+02
 3.003003e-04  3.000447e+02
 3.028028e-04  2.999567e+02
 3.053053e-04  3.000448e+02
 3.078078e-04  2.999567e+02
 3.103103e-04  3.000448e+02
 3.128128e-04  2.999567e+02
 3.153153e-04  3.000448e+02
 3.178178e-04  2.999566e+02
 3.203203e-04  3.000449e+02
 3.228228e-04  2.999566e+02
 3.253253e-04  3.000449e+02
 3.278278e-04  2.999565e+02
 3.303303e-04  3.000450e+02
 3.328328e-04  2.999565e+02
 3.353353e-04  3.000450e+02
 3.378378e-04  2.999565e+02
 3.403403e-04  3.000450e+02
 3.428428e-04  2.999565e+02
 3.453454e-04  3.000450e+02
 3.478478e-04  2.999564e+02
 3.503503e-04  3.000450e+02
 3.528529e-04  2.999564e+02
 3.553554e-04  3.000451e+02
 3.578578e-04  2.999564e+02
 3.603604e-04  3.000451e+02
 3.628629e-04  2.999564e+02
 3.653654e-04  3.000451e+02
 3.678679e-04  2.999563e+02
 3.703704e-04  3.000452e+02
 3.728729e-04  2.999563e+02
 3.753754e-04  3.000452e+02
 3.778779e-04  2.999563e+02
 3.803804e-04  3.000452e+02
 3.828829e-04  2.999563e+02
 3.853854e-04  3.000452e+02
 3.878879e-04  2.999562e+02
 3.903904e-04  3.000453e+02
 3.928929e-04  2.999562e+02
 3.953954e-04  3.000453e+02
 3.978979e-04  2.999562e+02
 4.004004e-04  3.000453e+02
 4.029029e-04  2.999562e+02
 4.054054e-04  3.000453e+02
 4.079079e-04  2.999562e+02
 4.104104e-04  3.000453e+02
 4.129129e-04  2.999561e+02
 4.154154e-04  3.000453e+02
 4.179179e-04  2.999561e+02
 4.204204e-04  3.000453e+02
 4.229229e-04  2.999561e+02
 4.254254e-04  3.000453e+02
 4.279279e-04  2.999561e+02
 4.304304e-04  3.000454e+02
 4.329329e-04  2.999561e+02
 4.354354e-04  3.000454e+02
 4.379379e-04  2.999561e+02
 4.404404e-04  3.000454e+02
 4.429430e-04  2.999561e+02
 4.454454e-04  3.000454e+02
 4.479479e-04  2.999561e+02
 4.504505e-04  3.000454e+02
 4.529530e-04  2.999561e+02
 4.554554e-04  3.000454e+02
 4.579580e-04  2.999560e+02
 4.604605e-04  3.000454e+02
 4.629630e-04  2.999560e+02
 4.654655e-04  3.000455e+02
 4.679680e-04  2.999560e+02
 4.704705e-04  3.000455e+02
 4.729730e-04  2.999560e+02
 4.754755e-04  3.000455e+02
 4.779780e-04  2.999560e+02
 4.804805e-04  3.000455e+02
 4.829830e-04  2.999560e+02
 4.854855e-04  3.000455e+02
 4.879880e-04  2.999560e+02
 4.904905e-04  3.000455e+02
 4.929930e-04  2.999560e+02
 4.954955e-04  3.000455e+02
 4.979980e-04  2.999560e+02
 5.005005e-04  3.000455e+02
 5.030030e-04  2.999559e+02
 5.055055e-04  3.000455e+02
 5.080080e-04  2.999559e+02
 5.105105e-04  3.000456e+02
 5.130130e-04  2.999559e+02
 5.155155e-04  3.000456e+02
 5.180180e-04  2.999559e+02
 5.205205e-04  3.000456e+02
 5.230230e-04  2.999559e+02
 5.255255e-04  3.000456e+02
 5.280280e-04  2.999559e+02
 5.305305e-04  3.000456e+02
 5.330330e-04  2.999559e+02
 5.355355e-04  3.000456e+02
 5.380380e-04  2.999559e+02
 5.405406e-04  3.000456e+02
 5.430430e-04  2.999559e+02
 5.455455e-04  3.000456e+02
 5.480481e-04  2.999559e+02
 5.505505e-04  3.000456e+02
 5.530530e-04  2.999559e+02
 5.555556e-04  3.000456e+02
 5.580580e-04  2.999559e+02
 5.605606e-04  3.000456e+02
 5.630631e-04  2.999558e+02
 5.655655e-04  3.000456e+02
 5.680681e-04  2.999558e+02
 5.705706e-04  3.000457e+02
 5.730730e-04  2.999558e+02
 5.755756e-04  3.000457e+02
 5.780781e-04  2.999558e+02
 5.805806e-04  3.000457e+02
 5.830831e-04  2.999558e+02
 5.855856e-04  3.000457e+02
 5.880881e-04  2.999558e+02
 5.905906e-04  3.000457e+02
 5.930931e-04  2.999558e+02
 5.955956e-04  3.000457e+02
 5.980981e-04  2.999558e+02
 6.006006e-04  3.000457e+02
 6.031031e-04  2.999558e+02
 6.056056e-04  3.000457e+02
 6.081081e-04  2.999558e+02
 6.106106e-04  3.000457e+02
 6.131131e-04  2.999558e+02
 6.156156e-04  3.000457e+02
 6.181181e-04  2.999558e+02
 6.206206e-04  3.000457e+02
 6.231231e-04  2.999558e+02
 6.256256e-04  3.000457e+02
 6.281281e-04  2.999558e+02
 6.306306e-04  3.000457e+02
 6.331331e-04  2.999558e+02
 6.356356e-04  3.000457e+02
 6.381382e-04  2.999558e+02
 6.406406e-04  3.000457e+02
 6.431431e-04  2.999558e+02
 6.456457e-04  3.000457e+02
 6.481481e-04  2.999558e+02
 6.506506e-04  3.000457e+02
 6.531532e-04  2.999557e+02
 6.556556e-04  3.000457e+02
 6.581582e-04  2.999557e+02
 6.606607e-04  3.000457e+02
 6.631631e-04  2.999557e+02
 6.656657e-04  3.000457e+02
 6.681682e-04  2.999557e+02
 6.706706e-04  3.000457e+02
 6.731732e-04  2.999557e+02
 6.756757e-04  3.000457e+02
 6.781782e-04  2.999557e+02
 6.806807e-04  3.000457e+02
 6.831832e-04  2.999557e+02
 6.856857e-04  3.000457e+02
 6.881882e-04  2.999557e+02
 6.906907e-04  3.000458e+02
 6.931932e-04  2.999557e+02
 6.956957e-04  3.000458e+02
 6.981982e-04  2.999557e+02
 7.007007e-04  3.000458e+02
 7.032032e-04  2.999557e+02
 7.057057e-04  3.000458e+02
 7.082082e-04  2.999557e+02
 7.107107e-04  3.000458e+02
 7.132132e-04  2.999557e+02
 7.157157e-04  3.000458e+02
 7.182182e-04  2.999557e+02
 7.207207e-04  3.000458e+02
 7.232232e-04  2.999557e+02
 7.257257e-04  3.000458e+02
 7.282282e-04  2.999557e+02
 7.307307e-04  3.000458e+02
 7.332332e-04  2.999557e+02
 7.357358e-04  3.000458e+02
 7.382382e-04  2.999557e+02
 7.407407e-04  3.000458e+02
 7.432433e-04  2.999557e+02
 7.457457e-04  3.000458e+02
 7.482482e-04  2.999557e+02
 7.507508e-04  3.000458e+02
 7.532532e-04  2.999557e+02
 7.557558e-04  3.000458e+02
 7.582583e-04  2.999557e+02
 7.607607e-04  3.000458e+02
 7.632633e-04  2.999557e+02
 7.657658e-04  3.000458e+02
 7.682682e-04  2.999557e+02
 7.707708e-04  3.000458e+02
 7.732733e-04  2.999557e+02
 7.757758e-04  3.000458e+02
 7.782783e-04  2.999557e+02
 7.807808e-04  3.000458e+02
 7.832833e-04  2.999557e+02
 7.857858e-04  3.000458e+02
 7.882883e-04  2.999557e+02
 7.907908e-04  3.000458e+02
 7.932933e-04  2.999557e+02
 7.957958e-04  3.000458e+02
 7.982983e-04  2.999557e+02
 8.008008e-04  3.000458e+02
 8.033033e-04  2.999557e+02
 8.058058e-04  3.000458e+02
 8.083083e-04  2.999557e+02
 8.108108e-04  3.000458e+02
 8.133133e-04  2.999557e+02
 8.158158e-04  3.000458e+02
 8.183183e-04  2.999557e+02
 8.208208e-04  3.000458e+02
 8.233233e-04  2.999557e+02
 8.258258e-04  3.000458e+02
 8.283283e-04  2.999557e+02
 8.308308e-04  3.000458e+02
 8.333334e-04  2.999557e+02
 8.358358e-04  3.000458e+02
 8.383383e-04  2.999557e+02
 8.408409e-04  3.000458e+02
 8.433433e-04  2.999557e+02
 8.458458e-04  3.000458e+02
 8.483484e-04  2.999556e+02
 8.508508e-04  3.000458e+02
 8.533534e-04  2.999556e+02
 8.558559e-04  3.000458e+02
 8.583583e-04  2.999556e+02
 8.608609e-04  3.000458e+02
 8.633634e-04  2.999556e+02
 8.658658e-04  3.000458e+02
 8.683684e-04  2.999556e+02
 8.708709e-04  3.000458e+02
 8.733734e-04  2.999556e+02
 8.758759e-04  3.000458e+02
 8.783784e-04  2.999556e+02
 8.808809e-04  3.000458e+02
 8.833834e-04  2.999556e+02
 8.858859e-04  3.000458e+02
 8.883884e-04  2.999556e+02
 8.908909e-04  3.000458e+02
 8.933934e-04  2.999556e+02
 8.958959e-04  3.000458e+02
 8.983984e-04  2.999556e+02
 9.009009e-04  3.000458e+02
 9.034034e-04  2.999556e+02
 9.059059e-04  3.000458e+02
 9.084084e-04  2.999556e+02
 9.109109e-04  3.000458e+02
 9.134134e-04  2.999556e+02
 9.159159e-04  3.000459e+02
 9.184184e-04  2.999556e+02
 9.209209e-04  3.000459e+02
 9.234234e-04  2.999556e+02
 9.259259e-04  3.000459e+02
 9.284284e-04  2.999556e+02
 9.309310e-04  3.000459e+02
 9.334334e-04  2.999556e+02
 9.359359e-04  3.000459e+02
 9.384385e-04  2.999556e+02
 9.409409e-04  3.000459e+02
 9.434434e-04  2.999556e+02
 9.459460e-04  3.000459e+02
 9.484484e-04  2.999556e+02
 9.509510e-04  3.000459e+02
 9.534535e-04  2.999556e+02
 9.559559e-04  3.000459e+02
 9.584585e-04  2.999556e+02
 9.609610e-04  3.000459e+02
 9.634634e-04  2.999556e+02
 9.659660e-04  3.000459e+02
 9.684685e-04  2.999556e+02
 9.709710e-04  3.000459e+02
 9.734735e-04  2.999556e+02
 9.759760e-04  3.000459e+02
 9.784785e-04  2.999556e+02
 9.809809e-04  3.000459e+02
 9.834835e-04  2.999556e+02
 9.859860e-04  3.000459e+02
 9.884884e-04  2.999556e+02
 9.909910e-04  3.000459e+02
 9.934935e-04  2.999556e+02
 9.959959e-04  3.000459e+02
 9.984985e-04  2.999556e+02
 1.001001e-03  3.000459e+02
 1.003503e-03  2.999556e+02
 1.006006e-03  3.000459e+02
 1.008508e-03  2.999556e+02
 1.011011e-03  3.000459e+02
 1.013514e-03  2.999556e+02
 1.016016e-03  3.000459e+02
 1.018518e-03  2.999556e+02
 1.021021e-03  3.000459e+02
 1.023524e-03  2.999556e+02
 1.026026e-03  3.000459e+02
 1.028529e-03  2.999556e+02
 1.031031e-03  3.000459e+02
 1.033533e-03  2.999556e+02
 1.036036e-03  3.000459e+02
 1.038539e-03  2.999556e+02
 1.041041e-03  3.000459e+02
 1.043544e-03  2.999556e+02
 1.046046e-03  3.000459e+02
 1.048548e-03  2.999556e+02
 1.051051e-03  3.000459e+02
 1.053554e-03  2.999556e+02
 1.056056e-03  3.000459e+02
 1.058559e-03  2.999556e+02
 1.061061e-03  3.000459e+02
 1.063564e-03  2.999556e+02
 1.066066e-03  3.000459e+02
 1.068569e-03  2.999556e+02
 1.071071e-03  3.000459e+02
 1.073574e-03  2.999556e+02
 1.076076e-03  3.000459e+02
 1.078579e-03  2.999556e+02
 1.081081e-03  3.000459e+02
 1.083584e-03  2.999556e+02
 1.086086e-03  3.000459e+02
 1.088589e-03  2.999556e+02
 1.091091e-03  3.000459e+02
 1.093594e-03  2.999556e+02
 1.096096e-03  3.000459e+02
 1.098599e-03  2.999556e+02
 1.101101e-03  3.000459e+02
 1.103604e-03  2.999556e+02
 1.106106e-03  3.000459e+02
 1.108609e-03  2.999556e+02
 1.111111e-03  3.000459e+02
 1.113614e-03  2.999556e+02
 1.116116e-03  3.000459e+02
 1.118619e-03  2.999556e+02
 1.121121e-03  3.000459e+02
 1.123624e-03  2.999556e+02
 1.126126e-03  3.000459e+02
 1.128629e-03  2.999556e+02
 1.131131e-03  3.000459e+02
 1.133634e-03  2.999556e+02
 1.136136e-03  3.000459e+02
 1.138639e-03  2.999556e+02
 1.141141e-03  3.000459e+02
 1.143644e-03  2.999556e+02
 1.146146e-03  3.000459e+02
 1.148649e-03  2.999556e+02
 1.151151e-03  3.000459e+02
 1.153654e-03  2.999556e+02
 1.156156e-03  3.000459e+02
 1.158659e-03  2.999556e+02
 1.161161e-03  3.000459e+02
 1.163664e-03  2.999556e+02
 1.166166e-03  3.000459e+02
 1.168669e-03  2.999556e+02
 1.171171e-03  3.000459e+02
 1.173674e-03  2.999556e+02
 1.176176e-03  3.000459e+02
 1.178679e-03  2.999556e+02
 1.181181e-03  3.000459e+02
 1.183684e-03  2.999556e+02
 1.186186e-03  3.000459e+02
 1.188689e-03  2.999556e+02
 1.191191e-03  3.000459e+02
 1.193694e-03  2.999556e+02
 1.196196e-03  3.000459e+02
 1.198699e-03  2.999556e+02
 1.201201e-03  3.000459e+02
 1.203704e-03  2.999556e+02
 1.206206e-03  3.000459e+02
 1.208709e-03  2.999556e+02
 1.211211e-03  3.000459e+02
 1.213714e-03  2.999556e+02
 1.216216e-03  3.000459e+02
 1.218719e-03  2.999556e+02
 1.221221e-03  3.000459e+02
 1.223724e-03  2.999556e+02
 1.226226e-03  3.000459e+02
 1.228729e-03  2.999556e+02
 1.231231e-03  3.000459e+02
 1.233734e-03  2.999556e+02
 1.236236e-03  3.000459e+02
 1.238739e-03  2.999556e+02
 1.241241e-03  3.000459e+02
 1.243744e-03  2.999556e+02
 1.246246e-03  3.000459e+02
 1.248749e-03  2.999556e+02
 1.251251e-03  3.000459e+02
 1.253754e-03  2.999556e+02
 1.256256e-03  3.000459e+02
 1.258759e-03  2.999556e+02
 1.261261e-03  3.000459e+02
 1.263764e-03  2.999556e+02
 1.266266e-03  3.000459e+02
 1.268769e-03  2.999556e+02
 1.271271e-03  3.000459e+02
 1.273774e-03  2.999556e+02
 1.276276e-03  3.000459e+02
 1.278779e-03  2.999556e+02
 1.281281e-03  3.000459e+02
 1.283784e-03  2.999556e+02
 1.286286e-03  3.000459e+02
 1.288789e-03  2.999556e+02
 1.291291e-03  3.000459e+02
 1.293794e-03  2.999556e+02
 1.296296e-03  3.000459e+02
 1.298799e-03  2.999556e+02
 1.301301e-03  3.000459e+02
 1.303804e-03  2.999556e+02
 1.306306e-03  3.000459e+02
 1.308809e-03  2.999556e+02
 1.311311e-03  3.000459e+02
 1.313814e-03  2.999556e+02
 1.316316e-03  3.000459e+02
 1.318819e-03  2.999556e+02
 1.321321e-03  3.000459e+02
 1.323824e-03  2.999556e+02
 1.326326e-03  3.000459e+02
 1.328829e-03  2.999556e+02
 1.331331e-03  3.000459e+02
 1.333834e-03  2.999556e+02
 1.336336e-03  3.000459e+02
 1.338839e-03  2.999556e+02
 1.341341e-03  3.000459e+02
 1.343844e-03  2.999556e+02
 1.346346e-03  3.000459e+02
 1.348849e-03  2.999556e+02
 1.351351e-03  3.000459e+02
 1.353854e-03  2.999556e+02
 1.356356e-03  3.000459e+02
 1.358859e-03  2.999556e+02
 1.361361e-03  3.000459e+02
 1.363864e-03  2.999556e+02
 1.366366e-03  3.000459e+02
 1.368869e-03  2.999556e+02
 1.371371e-03  3.000459e+02
 1.373874e-03  2.999555e+02
 1.376376e-03  3.000459e+02
 1.378879e-03  2.999556e+02
 1.381381e-03  3.000459e+02
 1.383884e-03  2.999555e+02
 1.386386e-03  3.000459e+02
 1.388889e-03  2.999555e+02
 1.391391e-03  3.000459e+02
 1.393894e-03  2.999556e+02
 1.396396e-03  3.000459e+02
 1.398899e-03  2.999555e+02
 1.401401e-03  3.000459e+02
 1.403904e-03  2.999555e+02
 1.406406e-03  3.000459e+02
 1.408909e-03  2.999555e+02
 1.411411e-03  3.000459e+02
 1.413914e-03  2.999555e+02
 1.416416e-03  3.000459e+02
 1.418919e-03  2.999555e+02
 1.421421e-03  3.000459e+02
 1.423924e-03  2.999555e+02
 1.426426e-03  3.000459e+02
 1.428929e-03  2.999555e+02
 1.431431e-03  3.000459e+02
 1.433934e-03  2.999555e+02
 1.436436e-03  3.000459e+02
 1.438939e-03  2.999555e+02
 1.441441e-03  3.000459e+02
 1.443944e-03  2.999555e+02
 1.446446e-03  3.000459e+02
 1.448949e-03  2.999555e+02
 1.451451e-03  3.000459e+02
 1.453954e-03  2.999555e+02
 1.456456e-03  3.000459e+02
 1.458959e-03  2.999555e+02
 1.461461e-03  3.000459e+02
 1.463964e-03  2.999555e+02
 1.466466e-03  3.000459e+02
 1.468969e-03  2.999555e+02
 1.471472e-03  3.000460e+02
 1.473974e-03  2.999555e+02
 1.476476e-03  3.000459e+02
 1.478979e-03  2.999555e+02
 1.481481e-03  3.000460e+02
 1.483984e-03  2.999555e+02
 1.486487e-03  3.000460e+02
 1.488989e-03  2.999555e+02
 1.491491e-03  3.000459e+02
 1.493994e-03  2.999555e+02
 1.496496e-03  3.000460e+02
 1.498999e-03  2.999555e+02
 1.501502e-03  3.000460e+02
 1.504004e-03  2.999555e+02
 1.506506e-03  3.000460e+02
 1.509009e-03  2.999555e+02
 1.511512e-03  3.000460e+02
 1.514014e-03  2.999555e+02
 1.516517e-03  3.000460e+02
 1.519019e-03  2.999555e+02
 1.521521e-03  3.000460e+02
 1.524024e-03  2.999555e+02
 1.526527e-03  3.000460e+02
 1.529029e-03  2.999555e+02
 1.531532e-03  3.000460e+02
 1.534034e-03  2.999555e+02
 1.536536e-03  3.000460e+02
 1.539039e-03  2.999555e+02
 1.541542e-03  3.000460e+02
 1.544044e-03  2.999555e+02
 1.546547e-03  3.000460e+02
 1.549049e-03  2.999555e+02
 1.551552e-03  3.000459e+02
 1.554054e-03  2.999555e+02
 1.556557e-03  3.000460e+02
 1.559059e-03  2.999555e+02
 1.561562e-03  3.000460e+02
 1.564064e-03  2.999555e+02
 1.566567e-03  3.000459e+02
 1.569069e-03  2.999555e+02
 1.571572e-03  3.000460e+02
 1.574074e-03  2.999555e+02
 1.576577e-03  3.000460e+02
 1.579079e-03  2.999555e+02
 1.581582e-03  3.000459e+02
 1.584084e-03  2.999555e+02
 1.586587e-03  3.000460e+02
 1.589089e-03  2.999555e+02
 1.591592e-03  3.000460e+02
 1.594094e-03  2.999555e+02
 1.596597e-03  3.000460e+02
 1.599099e-03  2.999555e+02
 1.601602e-03  3.000460e+02
 1.604104e-03  2.999555e+02
 1.606607e-03  3.000460e+02
 1.609109e-03  2.999555e+02
 1.611612e-03  3.000460e+02
 1.614114e-03  2.999555e+02
 1.616617e-03  3.000460e+02
 1.619119e-03  2.999555e+02
 1.621622e-03  3.000460e+02
 1.624124e-03  2.999555e+02
 1.626627e-03  3.000460e+02
 1.629129e-03  2.999555e+02
 1.631632e-03  3.000460e+02
 1.634134e-03  2.999555e+02
 1.636637e-03  3.000460e+02
 1.639139e-03  2.999555e+02
 1.641642e-03  3.000460e+02
 1.644144e-03  2.999555e+02
 1.646647e-03  3.000460e+02
 1.649149e-03  2.999555e+02
 1.651652e-03  3.000460e+02
 1.654154e-03  2.999555e+02
 1.656657e-03  3.000460e+02
 1.659159e-03  2.999555e+02
 1.661662e-03  3.000460e+02
 1.664164e-03  2.999555e+02
 1.666667e-03  3.000460e+02
 1.669169e-03  2.999555e+02
 1.671672e-03  3.000460e+02
 1.674174e-03  2.999555e+02
 1.676677e-03  3.000460e+02
 1.679179e-03  2.999555e+02
 1.681682e-03  3.000460e+02
 1.684184e-03  2.999555e+02
 1.686687e-03  3.000460e+02
 1.689189e-03  2.999555e+02
 1.691692e-03  3.000460e+02
 1.694194e-03  2.999555e+02
 1.696697e-03  3.000460e+02
 1.699199e-03  2.999555e+02
 1.701702e-03  3.000460e+02
 1.704204e-03  2.999555e+02
 1.706707e-03  3.000460e+02
 1.709209e-03  2.999555e+02
 1.711712e-03  3.000460e+02
 1.714214e-03  2.999555e+02
 1.716717e-03  3.000460e+02
 1.719219e-03  2.999555e+02
 1.721722e-03  3.000460e+02
 1.724224e-03  2.999555e+02
 1.726727e-03  3.000460e+02
 1.729229e-03  2.999555e+02
 1.731732e-03  3.000460e+02
 1.734234e-03  2.999555e+02
 1.736737e-03  3.000460e+02
 1.739239e-03  2.999555e+02
 1.741742e-03  3.000460e+02
 1.744244e-03  2.999555e+02
 1.746747e-03  3.000460e+02
 1.749249e-03  2.999555e+02
 1.751752e-03  3.000460e+02
 1.754254e-03  2.999555e+02
 1.756757e-03  3.000460e+02
 1.759259e-03  2.999555e+02
 1.761762e-03  3.000460e+02
 1.764264e-03  2.999555e+02
 1.766767e-03  3.000460e+02
 1.769269e-03  2.999555e+02
 1.771772e-03  3.000460e+02
 1.774274e-03  2.999555e+02
 1.776777e-03  3.000460e+02
 1.779279e-03  2.999555e+02
 1.781782e-03  3.000460e+02
 1.784284e-03  2.999555e+02
 1.786787e-03  3.000460e+02
 1.789289e-03  2.999555e+02
 1.791792e-03  3.000460e+02
 1.794294e-03  2.999555e+02
 1.796797e-03  3.000460e+02
 1.799299e-03  2.999555e+02
 1.801802e-03  3.000460e+02
 1.804304e-03  2.999555e+02
 1.806807e-03  3.000460e+02
 1.809309e-03  2.999555e+02
 1.811812e-03  3.000460e+02
 1.814314e-03  2.999555e+02
 1.816817e-03  3.000460e+02
 1.819319e-03  2.999555e+02
 1.821822e-03  3.000460e+02
 1.824324e-03  2.999555e+02
 1.826827e-03  3.000460e+02
 1.829329e-03  2.999555e+02
 1.831832e-03  3.000460e+02
 1.834334e-03  2.999555e+02
 1.836837e-03  3.000460e+02
 1.839339e-03  2.999555e+02
 1.841842e-03  3.000460e+02
 1.844344e-03  2.999555e+02
 1.846847e-03  3.000460e+02
 1.849349e-03  2.999555e+02
 1.851852e-03  3.000460e+02
 1.854354e-03  2.999555e+02
 1.856857e-03  3.000460e+02
 1.859359e-03  2.999555e+02
 1.861862e-03  3.000460e+02
 1.864364e-03  2.999555e+02
 1.866867e-03  3.000460e+02
 1.869369e-03  2.999555e+02
 1.871872e-03  3.000460e+02
 1.874374e-03  2.999555e+02
 1.876877e-03  3.000460e+02
 1.879379e-03  2.999555e+02
 1.881882e-03  3.000460e+02
 1.884384e-03  2.999555e+02
 1.886887e-03  3.000460e+02
 1.889389e-03  2.999555e+02
 1.891892e-03  3.000460e+02
 1.894394e-03  2.999555e+02
 1.896897e-03  3.000460e+02
 1.899399e-03  2.999555e+02
 1.901902e-03  3.000460e+02
 1.904404e-03  2.999555e+02
 1.906907e-03  3.000460e+02
 1.909409e-03  2.999555e+02
 1.911912e-03  3.000460e+02
 1.914414e-03  2.999555e+02
 1.916917e-03  3.000460e+02
 1.919419e-03  2.999555e+02
 1.921922e-03  3.000460e+02
 1.924424e-03  2.999555e+02
 1.926927e-03  3.000460e+02
 1.929429e-03  2.999555e+02
 1.931932e-03  3.000460e+02
 1.934434e-03  2.999555e+02
 1.936937e-03  3.000460e+02
 1.939439e-03  2.999555e+02
 1.941942e-03  3.000460e+02
 1.944444e-03  2.999555e+02
 1.946947e-03  3.000460e+02
 1.949449e-03  2.999555e+02
 1.951952e-03  3.000460e+02
 1.954454e-03  2.999555e+02
 1.956957e-03  3.000460e+02
 1.959459e-03  2.999555e+02
 1.961962e-03  3.000460e+02
 1.964465e-03  2.999555e+02
 1.966967e-03  3.000460e+02
 1.969469e-03  2.999555e+02
 1.971972e-03  3.000460e+02
 1.974474e-03  2.999555e+02
 1.976977e-03  3.000460e+02
 1.979480e-03  2.999555e+02
 1.981982e-03  3.000460e+02
 1.984484e-03  2.999555e+02
 1.986987e-03  3.000460e+02
 1.989489e-03  2.999555e+02
 1.991992e-03  3.000460e+02
 1.994495e-03  2.999555e+02
 1.996997e-03  3.000460e+02
 1.999500e-03  2.999555e+02
 2.002002e-03  3.000460e+02
 2.004504e-03  2.999555e+02
 2.007007e-03  3.000460e+02
 2.009510e-03  2.999555e+02
 2.012012e-03  3.000460e+02
 2.014515e-03  2.999555e+02
 2.017017e-03  3.000460e+02
 2.019519e-03  2.999555e+02
 2.022022e-03  3.000460e+02
 2.024525e-03  2.999555e+02
 2.027027e-03  3.000460e+02
 2.029530e-03  2.999555e+02
 2.032032e-03  3.000460e+02
 2.034534e-03  2.999555e+02
 2.037037e-03  3.000460e+02
 2.039540e-03  2.999555e+02
 2.042042e-03  3.000460e+02
 2.044545e-03  2.999555e+02
 2.047047e-03  3.000460e+02
 2.049549e-03  2.999555e+02
 2.052052e-03  3.000460e+02
 2.054555e-03  2.999555e+02
 2.057057e-03  3.000460e+02
 2.059560e-03  2.999555e+02
 2.062062e-03  3.000460e+02
 2.064564e-03  2.999555e+02
 2.067067e-03  3.000460e+02
 2.069570e-03  2.999555e+02
 2.072072e-03  3.000460e+02
 2.074575e-03  2.999555e+02
 2.077077e-03  3.000460e+02
 2.079580e-03  2.999555e+02
 2.082082e-03  3.000460e+02
 2.084585e-03  2.999555e+02
 2.087087e-03  3.000460e+02
 2.089590e-03  2.999555e+02
 2.092092e-03  3.000460e+02
 2.094595e-03  2.999555e+02
 2.097097e-03  3.000460e+02
 2.099600e-03  2.999555e+02
 2.102102e-03  3.000460e+02
 2.104605e-03  2.999555e+02
 2.107107e-03  3.000460e+02
 2.109610e-03  2.999555e+02
 2.112112e-03  3.000460e+02
 2.114615e-03  2.999555e+02
 2.117117e-03  3.000460e+02
 2.119620e-03  2.999555e+02
 2.122122e-03  3.000460e+02
 2.124625e-03  2.999555e+02
 2.127127e-03  3.000460e+02
 2.129630e-03  2.999555e+02
 2.132132e-03  3.000460e+02
 2.134635e-03  2.999555e+02
 2.137137e-03  3.000460e+02
 2.139640e-03  2.999555e+02
 2.142142e-03  3.000460e+02
 2.144645e-03  2.999555e+02
 2.147147e-03  3.000460e+02
 2.149650e-03  2.999555e+02
 2.152152e-03  3.000460e+02
 2.154655e-03  2.999555e+02
 2.157157e-03  3.000460e+02
 2.159660e-03  2.999555e+02
 2.162162e-03  3.000460e+02
 2.164665e-03  2.999555e+02
 2.167167e-03  3.000460e+02
 2.169670e-03  2.999555e+02
 2.172172e-03  3.000460e+02
 2.174675e-03  2.999555e+02
 2.177177e-03  3.000460e+02
 2.179680e-03  2.999555e+02
 2.182182e-03  3.000460e+02
 2.184685e-03  2.999555e+02
 2.187187e-03  3.000460e+02
 2.189690e-03  2.999555e+02
 2.192192e-03  3.000460e+02
 2.194695e-03  2.999555e+02
 2.197197e-03  3.000460e+02
 2.199700e-03  2.999555e+02
 2.202202e-03  3.000460e+02
 2.204705e-03  2.999555e+02
 2.207207e-03  3.000460e+02
 2.209710e-03  2.999555e+02
 2.212212e-03  3.000460e+02
 2.214715e-03  2.999555e+02
 2.217217e-03  3.000460e+02
 2.219720e-03  2.999555e+02
 2.222222e-03  3.000460e+02
 2.224725e-03  2.999555e+02
 2.227227e-03  3.000460e+02
 2.229730e-03  2.999555e+02
 2.232232e-03  3.000460e+02
 2.234735e-03  2.999555e+02
 2.237237e-03  3.000460e+02
 2.239740e-03  2.999555e+02
 2.242242e-03  3.000460e+02
 2.244745e-03  2.999555e+02
 2.247247e-03  3.000460e+02
 2.249750e-03  2.999555e+02
 2.252252e-03  3.000460e+02
 2.254755e-03  2.999555e+02
 2.257257e-03  3.000460e+02
 2.259760e-03  2.999555e+02
 2.262262e-03  3.000460e+02
 2.264765e-03  2.999555e+02
 2.267267e-03  3.000460e+02
 2.269770e-03  2.999555e+02
 2.272272e-03  3.000460e+02
 2.274775e-03  2.999555e+02
 2.277277e-03  3.000460e+02
 2.279780e-03  2.999555e+02
 2.282282e-03  3.000460e+02
 2.284785e-03  2.999555e+02
 2.287287e-03  3.000460e+02
 2.289790e-03  2.999555e+02
 2.292292e-03  3.000460e+02
 2.294795e-03  2.999555e+02
 2.297297e-03  3.000460e+02
 2.299800e-03  2.999555e+02
 2.302302e-03  3.000460e+02
 2.304805e-03  2.999555e+02
 2.307307e-03  3.000460e+02
 2.309810e-03  2.999555e+02
 2.312312e-03  3.000460e+02
 2.314815e-03  2.999555e+02
 2.317317e-03  3.000460e+02
 2.319820e-03  2.999555e+02
 2.322322e-03  3.000460e+02
 2.324825e-03  2.999555e+02
 2.327327e-03  3.000460e+02
 2.329830e-03  2.999555e+02
 2.332332e-03  3.000460e+02
 2.334835e-03  2.999555e+02
 2.337337e-03  3.000460e+02
 2.339840e-03  2.999555e+02
 2.342342e-03  3.000460e+02
 2.344845e-03  2.999555e+02
 2.347347e-03  3.000460e+02
 2.349850e-03  2.999555e+02
 2.352352e-03  3.000460e+02
 2.354855e-03  2.999555e+02
 2.357357e-03  3.000460e+02
 2.359860e-03  2.999555e+02
 2.362362e-03  3.000460e+02
 2.364865e-03  2.999555e+02
 2.367367e-03  3.000460e+02
 2.369870e-03  2.999555e+02
 2.372372e-03  3.000460e+02
 2.374875e-03  2.999555e+02
 2.377377e-03  3.000460e+02
 2.379880e-03  2.999555e+02
 2.382382e-03  3.000460e+02
 2.384885e-03  2.999555e+02
 2.387387e-03  3.000460e+02
 2.389890e-03  2.999555e+02
 2.392392e-03  3.000460e+02
 2.394895e-03  2.999555e+02
 2.397397e-03  3.000460e+02
 2.399900e-03  2.999555e+02
 2.402402e-03  3.000460e+02
 2.404905e-03  2.999555e+02
 2.407407e-03  3.000460e+02
 2.409910e-03  2.999555e+02
 2.412412e-03  3.000460e+02
 2.414915e-03  2.999555e+02
 2.417417e-03  3.000460e+02
 2.419920e-03  2.999555e+02
 2.422422e-03  3.000460e+02
 2.424925e-03  2.999555e+02
 2.427427e-03  3.000460e+02
 2.429930e-03  2.999555e+02
 2.432432e-03  3.000460e+02
 2.434935e-03  2.999555e+02
 2.437437e-03  3.000460e+02
 2.439940e-03  2.999555e+02
 2.442442e-03  3.000460e+02
 2.444945e-03  2.999555e+02
 2.447448e-03  3.000460e+02
 2.449950e-03  2.999555e+02
 2.452452e-03  3.000460e+02
 2.454955e-03  2.999555e+02
 2.457457e-03  3.000460e+02
 2.459960e-03  2.999555e+02
 2.462463e-03  3.000460e+02
 2.464965e-03  2.999555e+02
 2.467467e-03  3.000460e+02
 2.469970e-03  2.999555e+02
 2.472472e-03  3.000460e+02
 2.474975e-03  2.999555e+02
 2.477478e-03  3.000460e+02
 2.479980e-03  2.999555e+02
 2.482482e-03  3.000460e+02
 2.484985e-03  2.999555e+02
 2.487487e-03  3.000460e+02
 2.489990e-03  2.999555e+02
 2.492493e-03  3.000460e+02
 2.494995e-03  2.999555e+02
 2.497497e-03  3.000460e+02
 2.500000e-03  2.999555e+02
